 Copyright (C) 1995-2019 - All Rights Reserved
 University Corporation for Atmospheric Research
 NCAR Command Language Version 6.6.2
 The use of this software is governed by a License Agreement.
 See http://www.ncl.ucar.edu/ for more details.
-51.56873
-45.10384
-41.1442
-38.25037
-35.95554
-34.04697
-32.40916
-30.9722
-29.69038
-28.53221
-27.47499
-26.5018
-25.59973
-24.75864
-23.97044
-23.22859
-22.52769
-21.86327
-21.23152
-20.62924
-20.05367
-19.50244
-18.97346
-18.46494
-17.97525
-17.50299
-17.04691
-16.6059
-16.17889
-15.76501
-15.36343
-14.97342
-14.59427
-14.2254
-13.86618
-13.51614
-13.1748
-12.84167
-12.51639
-12.19858
-11.88785
-11.58389
-11.28641
-10.99509
-10.70972
-10.42999
-10.15573
-9.886658
-9.62262
-9.363403
-9.108826
-8.858704
-8.612915
-8.371246
-8.133575
-7.89978
-7.669739
-7.443298
-7.220337
-7.000793
-6.784485
-6.571381
-6.361328
-6.154266
-5.950104
-5.748779
-5.55014
-5.354187
-5.160797
-4.96994
-4.781494
-4.595459
-4.411713
-4.230225
-4.050934
-3.873779
-3.6987
-3.525665
-3.354614
-3.185516
-3.018311
-2.852936
-2.689392
-2.527588
-2.367523
-2.209137
-2.052399
-1.897278
-1.743713
-1.591736
-1.441223
-1.292236
-1.144684
-0.9985352
-0.8537903
-0.7104187
-0.5683594
-0.4276428
-0.2881775
-0.1499939
-50.95049
-44.44255
-40.45586
-37.5419
-35.2309
-33.30876
-31.65921
-30.21185
-28.92073
-27.75409
-26.68909
-25.70871
-24.79994
-23.95259
-23.15851
-22.41109
-21.70493
-21.03548
-20.39894
-19.7921
-19.21214
-18.65671
-18.12369
-17.61125
-17.1178
-16.64191
-16.18231
-15.73788
-15.30756
-14.89047
-14.48578
-14.09274
-13.71063
-13.33887
-12.97684
-12.62405
-12.28003
-11.94431
-11.61646
-11.29611
-10.98294
-10.67657
-10.37674
-10.08313
-9.795471
-9.51355
-9.237091
-8.965881
-8.699738
-8.438446
-8.181824
-7.929718
-7.681946
-7.438324
-7.198761
-6.963104
-6.731201
-6.50293
-6.278198
-6.056854
-5.838806
-5.623993
-5.412231
-5.203522
-4.997681
-4.794708
-4.594482
-4.396942
-4.201965
-4.009552
-3.81958
-3.632019
-3.446777
-3.263794
-3.083038
-2.904449
-2.727936
-2.553497
-2.381042
-2.210571
-2.041962
-1.875244
-1.710358
-1.547211
-1.385834
-1.226135
-1.068115
-0.9117126
-0.756897
-0.6036682
-0.4519348
-0.3016968
-0.1529236
-0.005554199
0.1403809
0.2849426
0.4281616
0.5700684
0.7106628
0.8500061
-50.33371
-43.78261
-39.76877
-36.83463
-34.50743
-32.57167
-30.91034
-29.45256
-28.15208
-26.97693
-25.90413
-24.91655
-24.00107
-23.14742
-22.34741
-21.59442
-20.88295
-20.20847
-19.56714
-18.95569
-18.37135
-17.81168
-17.2746
-16.75824
-16.26102
-15.78149
-15.31836
-14.87048
-14.43686
-14.01654
-13.6087
-13.21262
-12.82755
-12.45288
-12.08804
-11.73248
-11.38577
-11.04739
-10.71698
-10.39413
-10.07849
-9.769714
-9.467499
-9.17157
-8.881653
-8.597473
-8.318848
-8.045471
-7.777222
-7.513855
-7.255188
-7.001068
-6.751312
-6.505768
-6.264282
-6.026733
-5.792969
-5.562866
-5.336304
-5.11319
-4.893402
-4.676849
-4.463409
-4.252991
-4.045502
-3.840881
-3.639038
-3.43988
-3.243347
-3.049377
-2.857849
-2.668762
-2.482025
-2.297546
-2.115326
-1.935272
-1.757324
-1.581482
-1.407623
-1.235718
-1.065765
-0.8976746
-0.7314148
-0.5669556
-0.4042664
-0.2432556
-0.08392334
0.07376099
0.2298279
0.3843384
0.537323
0.6888123
0.8388062
0.9873657
1.134521
1.280273
1.424683
1.567749
1.709534
1.850006
-49.71837
-43.12401
-39.08295
-36.12857
-33.78511
-31.83569
-30.16252
-28.69431
-27.38443
-26.20076
-25.12013
-24.12531
-23.20308
-22.34312
-21.53719
-20.77858
-20.0618
-19.38226
-18.7361
-18.12006
-17.53128
-16.96738
-16.42621
-15.90594
-15.40491
-14.92172
-14.45502
-14.00372
-13.56674
-13.14319
-12.73221
-12.33304
-11.94501
-11.56741
-11.19974
-10.84143
-10.492
-10.151
-9.817993
-9.492615
-9.1745
-8.863281
-8.558716
-8.260437
-7.968231
-7.681824
-7.40097
-7.125458
-6.855072
-6.58963
-6.328918
-6.072754
-5.821014
-5.573517
-5.330109
-5.090668
-4.855042
-4.623108
-4.394745
-4.16983
-3.948273
-3.72998
-3.514801
-3.302704
-3.093567
-2.887299
-2.683807
-2.483063
-2.284943
-2.089386
-1.896332
-1.705688
-1.517426
-1.331482
-1.147766
-0.9662476
-0.7868652
-0.6095886
-0.4342957
-0.2610168
-0.08969116
0.07977295
0.2473755
0.413208
0.57724
0.7395325
0.900177
1.059143
1.216522
1.372284
1.52652
1.67926
1.830475
1.980255
2.128632
2.275574
2.421173
2.56543
2.708374
2.850006
-49.10446
-42.46675
-38.39839
-35.42372
-33.06395
-31.10081
-29.41579
-27.93707
-26.61778
-25.42555
-24.33707
-23.33498
-22.40599
-21.53969
-20.7278
-19.96356
-19.24144
-18.55682
-17.90584
-17.28516
-16.69196
-16.12378
-15.57852
-15.05429
-14.54947
-14.06259
-13.59235
-13.13757
-12.69727
-12.27045
-11.85632
-11.45407
-11.06302
-10.68253
-10.31198
-9.950897
-9.598755
-9.255096
-8.919495
-8.591583
-8.270966
-7.957336
-7.65036
-7.349762
-7.055267
-6.766602
-6.483521
-6.205841
-5.933319
-5.665771
-5.402985
-5.144806
-4.891083
-4.641602
-4.396271
-4.154907
-3.917419
-3.683624
-3.45343
-3.226746
-3.003418
-2.783356
-2.566467
-2.352661
-2.141846
-1.933929
-1.728821
-1.526428
-1.326721
-1.129608
-0.9349976
-0.7428284
-0.5530396
-0.3655701
-0.1803894
0.002593994
0.1834412
0.3621826
0.5388489
0.713562
0.8862915
1.057129
1.226105
1.39325
1.558624
1.72226
1.884216
2.044464
2.203125
2.360168
2.515686
2.669647
2.822113
2.973114
3.122711
3.270874
3.417664
3.56308
3.707184
3.850006
-48.49202
-41.81084
-37.7151
-34.72008
-32.34395
-30.36707
-28.67014
-27.18089
-25.85216
-24.65134
-23.55496
-22.54558
-21.60979
-20.73714
-19.91927
-19.14937
-18.42191
-17.73219
-17.07632
-16.45102
-15.85336
-15.28091
-14.73154
-14.20337
-13.6947
-13.2041
-12.73029
-12.27206
-11.82837
-11.39832
-10.98099
-10.57565
-10.18158
-9.798157
-9.424774
-9.060883
-8.706024
-8.35968
-8.021484
-7.69101
-7.367889
-7.051819
-6.742462
-6.439514
-6.1427
-5.851776
-5.566467
-5.286621
-5.011963
-4.742279
-4.477448
-4.217224
-3.961487
-3.710022
-3.462738
-3.219482
-2.980103
-2.744446
-2.512421
-2.283936
-2.058838
-1.837006
-1.618408
-1.402893
-1.190369
-0.9808044
-0.7740479
-0.5700378
-0.3687134
-0.1700134
0.02615356
0.2198792
0.4111938
0.6001587
0.7868347
0.971283
1.153595
1.333771
1.511902
1.687988
1.862122
2.034363
2.204712
2.373199
2.539917
2.704895
2.868134
3.029724
3.189667
3.347992
3.504761
3.659973
3.81369
3.965942
4.11673
4.266113
4.414124
4.56073
4.706024
4.850006
-47.88101
-41.15625
-37.03308
-34.01764
-31.62511
-29.63443
-27.92555
-26.42575
-25.08752
-23.87808
-22.7738
-21.7571
-20.8145
-19.93547
-19.11159
-18.33601
-17.60316
-16.90836
-16.24762
-15.61761
-15.0155
-14.43878
-13.88525
-13.35309
-12.84061
-12.34628
-11.86887
-11.40717
-10.96011
-10.52673
-10.10623
-9.697784
-9.30072
-8.914337
-8.538086
-8.171387
-7.813782
-7.464783
-7.123962
-6.790924
-6.465302
-6.146759
-5.834991
-5.529663
-5.23053
-4.937347
-4.649841
-4.367767
-4.090942
-3.819183
-3.552246
-3.289978
-3.032227
-2.778778
-2.529572
-2.284363
-2.043091
-1.805573
-1.571716
-1.3414
-1.114502
-0.8909302
-0.6705933
-0.4533386
-0.2391663
-0.02789307
0.1805115
0.3861389
0.5890808
0.7893677
0.9871216
1.182373
1.375214
1.565704
1.753906
1.93985
2.123596
2.305237
2.484802
2.662323
2.83786
3.011475
3.183197
3.353058
3.521118
3.687439
3.85202
4.014893
4.176147
4.335754
4.493805
4.650269
4.805237
4.95874
5.110748
5.261353
5.410553
5.55838
5.704865
5.850006
-47.27145
-40.50301
-36.35234
-33.31641
-30.90741
-28.90291
-27.18205
-25.67166
-24.32391
-23.10582
-21.99359
-20.96954
-20.02011
-19.13466
-18.30475
-17.5235
-16.78525
-16.0853
-15.41965
-14.78497
-14.17838
-13.59732
-13.03967
-12.50351
-11.98715
-11.48914
-11.00812
-10.54291
-10.09244
-9.655792
-9.232086
-8.820526
-8.42041
-8.031067
-7.651917
-7.28244
-6.922058
-6.570374
-6.226898
-5.891296
-5.563171
-5.242157
-4.927948
-4.62027
-4.318817
-4.023346
-3.733582
-3.44931
-3.170349
-2.896423
-2.627411
-2.363098
-2.103302
-1.84787
-1.59668
-1.349548
-1.106384
-0.8670044
-0.6312866
-0.3991394
-0.1704712
0.05487061
0.2769775
0.4959412
0.7118225
0.9247742
1.134827
1.342102
1.546661
1.748566
1.947876
2.144714
2.339081
2.531097
2.720795
2.908234
3.093475
3.27655
3.45755
3.636505
3.813477
3.988464
4.161591
4.332825
4.502258
4.669891
4.835785
 5
5.162537
5.323456
5.482788
5.640533
5.796753
5.951477
6.104736
6.256561
6.406982
6.556
6.703674
6.850006
-46.66335
-39.85112
-35.67285
-32.61639
-30.19089
-28.1725
-26.43962
-24.91859
-23.56131
-22.33453
-21.21434
-20.18292
-19.22661
-18.33475
-17.49878
-16.71182
-15.96814
-15.26303
-14.5925
-13.95312
-13.34201
-12.75662
-12.19482
-11.65463
-11.1344
-10.63263
-10.14798
-9.67926
-9.225403
-8.785431
-8.358521
-7.943817
-7.540649
-7.148346
-6.766296
-6.393982
-6.030853
-5.676453
-5.330353
-4.992157
-4.661499
-4.338013
-4.021393
-3.711304
-3.407532
-3.109741
-2.817719
-2.53125
-2.250092
-1.97406
-1.702942
-1.436554
-1.174744
-0.9172974
-0.6641541
-0.4150696
-0.1699829
0.07128906
0.3088379
0.5428162
0.7733154
1.000427
1.224274
1.444977
1.662598
1.877228
2.088928
2.297852
2.504028
2.70752
2.908447
3.106842
3.302765
3.496307
3.687531
3.876465
4.063171
4.247742
4.430176
4.610565
4.78894
4.965363
5.139862
5.312469
5.483276
5.652252
5.819489
5.985016
6.148895
6.311096
6.47171
6.630737
6.788208
6.944183
7.098694
7.25174
7.403381
7.553619
7.702484
7.850006
-46.05667
-39.20056
-34.99464
-31.91759
-29.47552
-27.44321
-25.69827
-24.1666
-22.79971
-21.56422
-20.43605
-19.39722
-18.43402
-17.53571
-16.69366
-15.90097
-15.15186
-14.44156
-13.76608
-13.12198
-12.50635
-11.91663
-11.35065
-10.80643
-10.28232
-9.776794
-9.288483
-8.816254
-8.358978
-7.91568
-7.485535
-7.067688
-6.661469
-6.266174
-5.881226
-5.506042
-5.140137
-4.783051
-4.434296
-4.093506
-3.760284
-3.434326
-3.115234
-2.802795
-2.496643
-2.196564
-1.902283
-1.613586
-1.330261
-1.052063
-0.7788391
-0.510376
-0.2464905
0.01293945
0.2680664
0.5190735
0.7661133
1.009277
1.248688
1.484497
1.716797
1.945709
2.171326
2.393768
2.613098
2.829407
3.042816
3.253387
3.461182
3.666321
3.868835
4.068787
4.266266
4.461365
4.654083
4.844543
5.032745
5.218781
5.402679
5.584503
5.764313
5.942139
6.118011
6.292023
6.464172
6.634521
6.803131
6.969971
7.135162
7.298676
7.460571
7.62088
7.779633
7.936859
8.092621
8.246918
8.39975
8.551208
8.701294
8.850006
-45.45146
-38.55136
-34.3177
-31.22
-28.76132
-26.71504
-24.95801
-23.41562
-22.03914
-20.79491
-19.65871
-18.61246
-17.64235
-16.73755
-15.8894
-15.09094
-14.3364
-13.62091
-12.94046
-12.29163
-11.67145
-11.07736
-10.50717
-9.958923
-9.430908
-8.9216
-8.429657
-7.953857
-7.493164
-7.046539
-6.613129
-6.192139
-5.782837
-5.384552
-4.996674
-4.618652
-4.249969
-3.890137
-3.538727
-3.195312
-2.859558
-2.531067
-2.209564
-1.894684
-1.586182
-1.283783
-0.9872437
-0.6963196
-0.4107971
-0.1304321
0.144928
0.4154663
0.681366
0.9428101
1.199951
1.452942
1.701874
1.94693
2.188232
2.425903
2.660004
2.890717
3.118134
3.342285
3.563354
3.781372
3.99646
4.20871
4.418152
4.624878
4.82901
5.030548
5.229614
5.426239
5.620483
5.812439
6.002136
6.189667
6.375031
6.558319
6.739532
6.918793
7.096069
7.271484
7.445007
7.61673
7.786652
7.954865
8.121338
8.286194
8.449371
8.610962
8.770996
8.929504
9.086517
9.242035
9.396118
9.548798
9.700073
9.850006
-44.8477
-37.9035
-33.64203
-30.52362
-28.04829
-25.98801
-24.21883
-22.66571
-21.27959
-20.02658
-18.88232
-17.82861
-16.85156
-15.94028
-15.08603
-14.28177
-13.52173
-12.80103
-12.11563
-11.46204
-10.83728
-10.23883
-9.664429
-9.112122
-8.58017
-8.067078
-7.571472
-7.092133
-6.62796
-6.178009
-5.741333
-5.317169
-4.904785
-4.503479
-4.112671
-3.731781
-3.360291
-2.997711
-2.643646
-2.297607
-1.95929
-1.628296
-1.304321
-0.98703
-0.676178
-0.37146
-0.07263184
0.2205505
0.5083008
0.790802
1.068298
1.340942
1.608917
1.872375
2.131531
2.386444
2.63736
2.884308
3.127502
3.367004
3.602966
3.83548
4.064636
4.290588
4.513367
4.733124
4.94989
5.163788
5.374878
5.583252
5.788971
5.992126
6.192749
6.39093
6.586731
6.780212
6.971405
7.1604
7.347229
7.531982
7.714661
7.895325
8.074036
8.250824
8.425751
8.598816
8.770111
8.939667
9.107483
9.273621
9.438141
9.601013
9.762329
9.922119
10.08038
10.23715
10.39249
10.54639
10.69888
10.85001
-44.24538
-37.25699
-32.96764
-29.82845
-27.33643
-25.26208
-23.48073
-21.91684
-20.52104
-19.25923
-18.10689
-17.04572
-16.06171
-15.14386
-14.28348
-13.47345
-12.70789
-11.98196
-11.29156
-10.63321
-10.00388
-9.401031
-8.822388
-8.266022
-7.730133
-7.213226
-6.713928
-6.231018
-5.763397
-5.310059
-4.870117
-4.44278
-4.027283
-3.622986
-3.229218
-2.845459
-2.47113
-2.105835
-1.749054
-1.400391
-1.059479
-0.7259827
-0.3995361
-0.07980347
0.233429
0.5404968
0.8416138
1.137024
1.426971
1.71167
1.991302
2.266052
2.536102
2.801605
3.062744
3.319672
3.57251
3.821381
4.066467
4.307831
4.545624
4.779968
5.010925
5.238617
5.463165
5.684601
5.903076
6.118652
6.331421
6.541412
6.748749
6.953491
7.155701
7.355469
7.552795
7.747803
7.940521
8.131012
8.319336
8.505524
8.689636
8.871735
9.05188
9.230072
9.406372
9.580841
9.753479
9.924377
10.09354
10.26102
10.42682
10.59103
10.75363
10.91467
11.07422
11.23224
11.38879
11.54395
11.69766
11.85001
-43.6445
-36.61182
-32.29451
-29.13451
-26.62572
-24.53728
-22.74373
-21.16902
-19.7635
-18.49287
-17.33243
-16.26373
-15.27274
-14.34836
-13.48181
-12.66595
-11.89487
-11.1637
-10.46829
-9.805115
-9.171204
-8.563965
-7.981079
-7.420593
-6.880768
-6.360046
-5.857025
-5.370544
-4.899445
-4.442719
-3.999512
-3.56897
-3.15036
-2.743011
-2.346283
-1.959625
-1.582489
-1.214417
-0.85495
-0.5036621
-0.1601562
0.1758728
0.5048218
0.8269653
1.142609
1.451996
1.755432
2.053131
2.345306
2.632172
2.91394
3.190796
3.462921
3.730499
3.993652
4.252563
4.507355
4.758148
5.005127
5.248383
5.488007
5.724152
5.95694
6.186401
6.412689
6.635864
6.856049
7.073303
7.28772
7.49939
7.708344
7.914703
8.1185
8.319794
8.518707
8.71524
8.909485
9.101471
9.29126
9.478943
9.66452
9.848053
10.0296
10.2092
10.3869
10.56274
10.73679
10.90903
11.07953
11.24835
11.41547
11.58096
11.74487
11.9072
12.06802
12.22729
12.38513
12.5415
12.69644
12.85001
-43.04507
-35.968
-31.62267
-28.44177
-25.91618
-23.81361
-22.0078
-20.42226
-19.007
-17.72751
-16.55893
-15.48273
-14.48468
-13.55374
-12.68103
-11.85931
-11.08267
-10.34622
-9.645782
-8.977814
-8.339294
-7.7276
-7.140442
-6.575867
-6.032074
-5.507507
-5.000793
-4.510712
-4.036102
-3.575989
-3.129486
-2.69574
-2.274017
-1.863617
-1.463898
-1.074341
-0.694397
-0.3235474
0.03866577
0.3926086
0.738678
1.077271
1.408722
1.733307
2.051331
2.363098
2.668854
2.968811
3.263214
3.552277
3.836212
4.115204
4.389404
4.659027
4.924225
5.18512
5.441864
5.694611
5.943512
6.188629
6.430115
6.668091
6.902679
7.133942
7.361969
7.586884
7.808807
8.02774
8.243835
8.457153
8.667725
8.875702
9.081085
9.283997
9.484436
9.682526
9.878265
10.07178
10.26306
10.45221
10.63925
10.82425
11.00723
11.18823
11.36734
11.54459
11.72
11.89362
12.06546
12.2356
12.40405
12.57086
12.73608
12.89969
13.06177
13.22235
13.38141
13.53903
13.69522
13.85001
-42.44711
-35.32553
-30.9521
-27.75026
-25.20782
-23.09106
-21.27296
-19.67654
-18.25151
-16.96313
-15.78638
-14.70261
-13.69754
-12.76001
-11.88107
-11.0535
-10.27133
-9.529572
-8.824066
-8.151276
-7.508118
-6.891968
-6.300568
-5.731842
-5.184052
-4.65564
-4.145203
-3.651489
-3.173401
-2.7099
-2.260071
-1.82309
-1.398224
-0.9847412
-0.5820618
-0.1896057
0.1932068
0.5668335
0.9317627
1.288361
1.637054
1.97821
2.312164
2.639191
2.959656
3.273773
3.581848
3.884094
4.180725
4.472015
4.758118
5.039246
5.315552
5.58725
5.854462
6.11734
6.376068
6.630768
6.881561
7.128601
7.371948
7.611786
7.848145
8.081207
8.311005
8.537689
8.761292
8.981964
9.199738
9.414703
9.626923
9.836517
10.04352
10.24799
10.45001
10.64963
10.84692
11.04193
11.23474
11.42535
11.61386
11.80032
11.98474
12.16718
12.34769
12.52634
12.70312
12.87808
13.0513
13.22281
13.39258
13.56073
13.72723
13.89215
14.05551
14.21735
14.37769
14.53656
14.694
14.85001
-41.85059
-34.6844
-30.28281
-27.05997
-24.50063
-22.36964
-20.53922
-18.93188
-17.49706
-16.19977
-15.0148
-13.92346
-12.91132
-11.96716
-11.082
-10.24854
-9.460785
-8.713715
-8.003143
-7.3255
-6.677704
-6.057098
-5.461365
-4.888519
-4.336731
-3.804443
-3.290283
-2.792938
-2.31131
-1.844391
-1.391235
-0.9510193
-0.5230103
-0.1064758
0.2992249
0.6946106
1.080292
1.456726
1.824371
2.183655
2.534973
2.878693
3.215149
3.544678
3.867523
4.184052
4.494446
4.798981
5.09787
5.391357
5.679657
5.962921
6.241333
6.515106
6.784363
7.049255
7.309967
7.56662
7.819366
8.068268
8.313507
8.555176
8.793365
9.028229
9.259796
9.48822
9.713593
9.935944
10.1554
10.37204
10.58594
10.79712
11.00574
11.21179
11.41541
11.61658
11.81543
12.01196
12.20627
12.39838
12.58835
12.77628
12.96213
13.14603
13.32794
13.508
13.68616
13.86252
14.03708
14.20993
14.38107
14.55054
14.71835
14.88458
15.04922
15.21234
15.37396
15.53409
15.69275
15.85001
-41.25551
-34.04463
-29.61479
-26.3709
-23.79462
-21.64935
-19.80656
-18.18829
-16.74362
-15.43738
-14.2442
-13.14523
-12.12604
-11.17523
-10.28381
-9.444427
-8.651062
-7.898682
-7.183014
-6.500488
-5.848022
-5.222931
-4.622894
-4.045898
-3.490082
-2.953949
-2.436005
-1.935028
-1.44986
-0.9794922
-0.5230103
-0.07952881
0.3516541
0.7712708
1.179962
1.578308
1.966858
2.3461
2.716492
3.078461
3.432404
3.778687
4.117676
4.449677
4.774994
5.093872
5.406616
5.71344
6.014618
6.310333
6.6008
6.88623
7.166748
7.442596
7.713928
7.980865
8.243561
8.502167
8.756836
9.00766
9.254791
9.498291
9.738342
9.974976
10.20837
10.43854
10.66562
10.88971
11.11087
11.32916
11.54471
11.75757
11.96777
12.17545
12.38065
12.58337
12.78375
12.98184
13.17764
13.37128
13.56274
13.75211
13.93942
14.12473
14.30811
14.48953
14.66913
14.84686
15.0228
15.19699
15.36948
15.54028
15.70941
15.87695
16.04291
16.20731
16.37018
16.53159
16.6915
16.85001
-40.6619
-33.4062
-28.94806
-25.68306
-23.08977
-20.93019
-19.075
-17.44574
-15.99121
-14.67596
-13.47455
-12.36795
-11.34164
-10.38416
-9.486481
-8.641174
-7.842163
-7.084442
-6.363678
-5.67627
-5.019104
-4.389526
-3.785156
-3.203979
-2.644135
-2.104095
-1.582367
-1.077728
-0.5890198
-0.1152039
0.344635
0.7913513
1.225739
1.648438
2.06015
2.461456
2.852875
3.234924
3.608093
3.972748
4.329346
4.678253
5.019775
5.354248
5.682007
6.003296
6.31839
6.627533
6.930969
7.228943
7.521606
7.809174
8.091827
8.369781
8.643158
8.912109
9.176819
9.437408
9.694031
9.946777
10.19577
10.44116
10.68304
10.92151
11.15665
11.38861
11.61746
11.84326
12.0661
12.2861
12.50333
12.7178
12.92966
13.13892
13.3457
13.55002
13.75195
13.95157
14.1489
14.34402
14.53699
14.72781
14.9166
15.10336
15.28815
15.47101
15.65198
15.83112
16.00845
16.18399
16.35782
16.52997
16.70044
16.86929
17.03656
17.20224
17.36639
17.52908
17.69025
17.85001
-40.06972
-32.76913
-28.28261
-24.99643
-22.38609
-20.21217
-18.34453
-16.70425
-15.23981
-13.91559
-12.7059
-11.59164
-10.55817
-9.593994
-8.690002
-7.838745
-7.034119
-6.270996
-5.545105
-4.852814
-4.190948
-3.556854
-2.94812
-2.362762
-1.798889
-1.254913
-0.7294006
-0.2210999
0.2711792
0.7484436
1.21167
1.661652
2.099213
2.525055
2.939819
3.344055
3.738403
4.123291
4.499207
4.866577
5.22583
5.577332
5.921387
6.258392
6.588593
6.912292
7.229736
7.541229
7.846954
8.147125
8.442017
8.73175
9.016571
9.2966
9.572052
9.843079
10.10977
10.37234
10.63089
10.88556
11.13647
11.38373
11.62747
11.86774
12.10471
12.33844
12.56903
12.79657
13.02115
13.24283
13.4617
13.67786
13.89133
14.10223
14.31058
14.51648
14.71997
14.92114
15.12
15.31662
15.51108
15.70343
15.89368
16.08188
16.2681
16.45239
16.63477
16.81531
16.99402
17.17096
17.34613
17.51962
17.69144
17.8616
18.03015
18.19714
18.36261
18.52655
18.689
18.85001
-39.479
-32.13342
-27.61844
-24.31102
-21.68359
-19.49529
-17.61514
-15.96384
-14.48944
-13.15619
-11.93817
-10.81625
-9.775604
-8.804749
-7.89444
-7.037201
-6.226898
-5.458374
-4.727356
-4.030121
-3.363556
-2.724915
-2.111816
-1.522247
-0.9543152
-0.4064026
0.1228943
0.6348877
1.130768
1.611511
2.078094
2.531372
2.972137
3.401093
3.818909
4.226135
4.623383
5.011108
5.389801
5.759918
6.121826
6.475922
6.822571
7.162048
7.49472
7.820831
8.140686
8.454498
8.762512
9.064972
9.362061
9.653992
9.940948
10.22308
10.50061
10.77368
11.04242
11.30698
11.56747
11.8241
12.0769
12.32605
12.57162
12.81375
13.05252
13.28802
13.52039
13.74966
13.97595
14.19934
14.41989
14.6377
14.85281
15.06534
15.2753
15.48279
15.68787
15.89056
16.09097
16.28912
16.48508
16.67889
16.87061
17.0603
17.24796
17.43369
17.61749
17.79941
17.97952
18.15784
18.33438
18.50922
18.68237
18.85385
19.02374
19.19205
19.3588
19.52402
19.68774
19.85001
-38.88974
-31.49905
-26.95554
-23.62685
-20.98227
-18.77953
-16.88687
-15.22446
-13.74011
-12.39777
-11.17145
-10.04181
-8.993958
-8.016357
-7.099731
-6.236481
-5.420502
-4.646576
-3.91037
-3.208221
-2.536896
-1.893707
-1.276245
-0.6824341
-0.1104126
0.4414368
0.9745483
1.490234
1.989685
2.473938
2.943909
3.400513
3.844513
4.276581
4.697449
5.107697
5.507843
5.898407
6.279907
6.65274
7.017334
7.374084
7.723267
8.065308
8.400452
8.728973
9.051208
9.367371
9.677673
9.982391
10.28171
10.57584
10.86496
11.14923
11.42883
11.70395
11.97473
12.24127
12.50378
12.76233
13.01706
13.26807
13.51553
13.75949
14.00006
14.2374
14.4715
14.70255
14.93054
15.15564
15.3779
15.59735
15.81415
16.02829
16.23987
16.44894
16.65558
16.85983
17.0618
17.26147
17.45895
17.65427
17.84744
18.0386
18.22772
18.41489
18.6001
18.78345
18.96494
19.14465
19.32257
19.49875
19.67325
19.8461
20.0173
20.18689
20.35495
20.52145
20.68646
20.85001
-38.30193
-30.86604
-26.29393
-22.94389
-20.28214
-18.0649
-16.1597
-14.48618
-12.99182
-11.64038
-10.4057
-9.268311
-8.213257
-7.228912
-6.305878
-5.436646
-4.614929
-3.835571
-3.094208
-2.387085
-1.710999
-1.063232
-0.4413757
0.1566772
0.7327881
1.288574
1.825531
2.34494
2.847992
3.335754
3.809143
4.269043
4.716278
5.15152
5.575439
5.988678
6.391754
6.785217
7.169525
7.545105
7.912384
8.271729
8.623535
8.968079
9.305725
9.636688
9.961304
10.27982
10.59247
10.89944
11.20099
11.49731
11.7886
12.07501
12.35672
12.63391
12.90671
13.17529
13.43976
13.70026
13.95691
14.20984
14.45914
14.70496
14.94739
15.18649
15.42239
15.65518
15.88495
16.11176
16.33569
16.55682
16.77527
16.99103
17.20422
17.41492
17.62314
17.82898
18.03247
18.2337
18.43268
18.62949
18.82419
19.01682
19.2074
19.396
19.58264
19.7674
19.95032
20.13138
20.3107
20.48825
20.66409
20.83829
21.0108
21.18173
21.3511
21.51889
21.68521
21.85001
-37.71556
-30.23439
-25.63361
-22.26218
-19.58316
-17.35141
-15.43359
-13.74893
-12.24457
-10.884
-9.64093
-8.495758
-7.433472
-6.442322
-5.512939
-4.637634
-3.810211
-3.025391
-2.278809
-1.566711
-0.8858643
-0.2335205
0.3927307
0.9950562
1.575287
2.13504
2.675842
3.199005
3.705688
4.19693
4.673767
5.136993
5.587463
6.025879
6.452881
6.869141
7.275177
7.671509
8.058624
8.436951
8.806946
9.168945
9.523315
9.870422
10.21054
10.54398
10.871
11.19189
11.50684
11.8161
12.1199
12.41846
12.71191
13.00046
13.28427
13.56354
13.83838
14.10898
14.37543
14.63788
14.89648
15.15131
15.4025
15.65018
15.89444
16.13535
16.37305
16.6076
16.83911
17.06763
17.29327
17.51611
17.73621
17.95361
18.16846
18.38074
18.59055
18.79797
19.00302
19.20578
19.40628
19.60461
19.80081
19.9949
20.18695
20.37701
20.56509
20.75128
20.93558
21.11807
21.29877
21.47769
21.65491
21.83041
22.0043
22.17654
22.34723
22.51633
22.68393
22.85001
-37.13065
-29.6041
-24.97458
-21.58168
-18.88539
-16.63907
-14.70862
-13.01276
-11.49832
-10.1286
-8.877106
-7.724152
-6.654602
-5.656647
-4.720856
-3.839508
-3.006317
-2.216034
-1.464233
-0.7471313
-0.06149292
0.595459
1.226135
1.832733
2.417084
2.980835
3.525513
4.052399
4.562714
5.057526
5.537781
6.004364
6.458069
6.899658
7.329773
7.749054
8.158051
8.557251
8.947205
9.328308
9.701019
10.06567
10.42267
10.77231
11.11493
11.45084
11.78027
12.10352
12.42084
12.73239
13.03845
13.3392
13.63483
13.92554
14.21149
14.49283
14.76974
15.04236
15.31079
15.57523
15.83575
16.09253
16.34561
16.59515
16.84122
17.08398
17.32346
17.55978
17.79303
18.02332
18.25067
18.47519
18.69693
18.91602
19.13248
19.34637
19.5578
19.76678
19.97342
20.17773
20.37976
20.57962
20.77731
20.9729
21.16641
21.35791
21.54745
21.73508
21.92081
22.10471
22.28677
22.46707
22.64566
22.82254
22.99774
23.17133
23.34332
23.51373
23.68262
23.85001
-36.54718
-28.97514
-24.31683
-20.90242
-18.18878
-15.92786
-13.98474
-12.27765
-10.75314
-9.374207
-8.114288
-6.953522
-5.876678
-4.871887
-3.929657
-3.042236
-2.203278
-1.407501
-0.6504517
0.07165527
0.7621155
1.423676
2.058807
2.669708
3.258179
3.825958
4.374512
4.905151
5.419128
5.91748
6.401154
6.871124
7.328094
7.772888
8.206116
8.628418
9.040375
9.442505
9.835297
10.21918
10.5946
10.96191
11.32153
11.67374
12.01889
12.35727
12.68915
13.01477
13.33441
13.64828
13.9566
14.25958
14.55743
14.85028
15.13837
15.42181
15.70078
15.9754
16.24588
16.51227
16.77475
17.03345
17.28842
17.53986
17.78778
18.03235
18.27365
18.51175
18.74677
18.97876
19.20782
19.43405
19.6575
19.87823
20.09634
20.31189
20.5249
20.73547
20.94366
21.14954
21.35312
21.5545
21.75369
21.95078
22.14578
22.33875
22.52975
22.71878
22.90594
23.09125
23.27472
23.45642
23.63638
23.81461
23.99118
24.16611
24.33942
24.51114
24.68134
24.85001
-35.96518
-28.34756
-23.66037
-20.2244
-17.49336
-15.21777
-13.26196
-11.54364
-10.00897
-8.62085
-7.352448
-6.183807
-5.09967
-4.088043
-3.139343
-2.245819
-1.401062
-0.5997925
0.1625366
0.889679
1.58493
2.25116
2.890778
3.505951
4.098602
4.67038
5.222839
5.757263
6.274902
6.776794
7.263947
7.737274
8.19754
8.645538
9.081879
9.507233
9.92218
10.32724
10.72287
11.10956
11.4877
11.8577
12.21994
12.57474
12.92242
13.26328
13.59756
13.9256
14.24759
14.56378
14.87439
15.1796
15.47964
15.77469
16.06488
16.35043
16.63147
16.90817
17.18063
17.44904
17.71347
17.97409
18.23099
18.48428
18.73407
18.98047
19.22357
19.46347
19.70026
19.93402
20.16483
20.39273
20.61789
20.84027
21.06003
21.27719
21.49185
21.70401
21.91379
22.12122
22.32635
22.52927
22.72998
22.92856
23.12503
23.31949
23.51193
23.70242
23.89102
24.07773
24.2626
24.44571
24.62704
24.80664
24.98456
25.16083
25.33548
25.50854
25.68002
25.85001
-35.38463
-27.72133
-23.00519
-19.54759
-16.79913
-14.50885
-12.54028
-10.81067
-9.265839
-7.868469
-6.591583
-5.41507
-4.323608
-3.305084
-2.349915
-1.450256
-0.5997009
0.2071228
0.9747009
1.706909
2.407013
3.077881
3.721985
4.341492
4.938293
5.51413
6.070496
6.608704
7.130005
7.635498
8.126129
8.602844
9.066406
9.517609
9.957092
10.38553
10.80347
11.21143
11.60992
11.99942
12.38031
12.75302
13.11789
13.47528
13.82547
14.16882
14.50558
14.83603
15.16037
15.47888
15.79178
16.09924
16.40149
16.69873
16.99106
17.27875
17.56186
17.84061
18.11511
18.3855
18.65192
18.91446
19.17328
19.42847
19.68011
19.92838
20.17328
20.41498
20.65356
20.88907
21.12158
21.35123
21.57806
21.80215
22.02356
22.24234
22.45862
22.67239
22.88376
23.09274
23.29944
23.50388
23.70612
23.90622
24.10419
24.30014
24.49405
24.686
24.87601
25.06415
25.25046
25.43494
25.61765
25.79865
25.97794
26.15555
26.33154
26.50592
26.67874
26.85001
-34.80554
-27.09647
-22.3513
-18.87202
-16.10608
-13.80109
-11.81973
-10.07877
-8.523773
-7.117096
-5.831696
-4.647308
-3.548462
-2.523041
-1.561371
-0.6555481
0.2008362
1.013184
1.786072
2.523346
3.228333
3.90387
4.55246
5.1763
5.777313
6.357208
6.91748
7.459503
7.984497
8.493561
8.987701
9.467804
9.934692
10.3891
10.83176
11.26324
11.6842
12.09509
12.49649
12.88879
13.27243
13.64786
14.01538
14.37534
14.72812
15.07397
15.41318
15.74603
16.07275
16.39362
16.7088
17.01852
17.323
17.62241
17.9169
18.2067
18.49191
18.77274
19.04926
19.32166
19.59003
19.85455
20.1153
20.37238
20.62592
20.87601
21.12277
21.36627
21.6066
21.84387
22.07816
22.30954
22.53806
22.76382
22.98691
23.20734
23.42523
23.64062
23.85358
24.06415
24.27243
24.47839
24.68216
24.88379
25.08325
25.28067
25.47607
25.66946
25.86093
26.05051
26.23822
26.42413
26.60825
26.79059
26.97125
27.15024
27.32758
27.5033
27.67743
27.85001
-34.22789
-26.47295
-21.69872
-18.19769
-15.41422
-13.09445
-11.10028
-9.347961
-7.782715
-6.36676
-5.072784
-3.880463
-2.774231
-1.741882
-0.7737122
0.1382751
1.000519
1.818451
2.596649
3.33902
4.048859
4.729095
5.382202
6.010406
6.615631
7.199585
7.763794
8.309631
8.838348
9.351013
9.848663
10.33218
10.80237
11.26004
11.70584
12.14044
12.56439
12.97827
13.38254
13.77765
14.16409
14.54221
14.91238
15.27496
15.63031
15.97867
16.32034
16.65561
16.98474
17.30792
17.62543
17.93741
18.24414
18.54575
18.84241
19.13434
19.42166
19.70453
19.98309
20.25751
20.52789
20.79434
21.05704
21.31601
21.57144
21.82339
22.07199
22.31732
22.55945
22.79849
23.03452
23.26761
23.49786
23.72531
23.95007
24.17218
24.39169
24.6087
24.82327
25.03543
25.24527
25.45279
25.65811
25.86124
26.06223
26.26114
26.45801
26.65289
26.84579
27.0368
27.22595
27.41327
27.59875
27.78253
27.96454
28.1449
28.32358
28.50064
28.67609
28.85001
-33.65172
-25.8508
-21.04741
-17.5246
-14.72354
-12.38895
-10.38193
-8.618195
-7.042725
-5.617432
-4.31488
-3.114594
-2.000946
-0.9616699
0.01306152
0.9312134
1.799347
2.622864
3.406403
4.1539
4.868652
5.553589
6.211212
6.843781
7.453217
8.04126
8.609436
9.159119
9.691559
10.20786
10.70898
11.19592
11.66946
12.1304
12.57938
13.01709
13.44406
13.8609
14.26807
14.66602
15.05524
15.43607
15.80893
16.17413
16.53204
16.88293
17.22708
17.56479
17.8963
18.22186
18.54166
18.85596
19.16489
19.46872
19.76758
20.06165
20.35107
20.63602
20.91666
21.19308
21.46545
21.73389
21.9985
22.2594
22.51672
22.77054
23.021
23.26813
23.51208
23.7529
23.99069
24.22552
24.45746
24.68665
24.91306
25.13684
25.358
25.57663
25.79282
26.00656
26.21796
26.42706
26.63391
26.83859
27.04108
27.24149
27.43985
27.6362
27.83057
28.02304
28.21359
28.40234
28.58926
28.77441
28.95782
29.13953
29.31955
29.49799
29.67477
29.85001
-33.07698
-25.23001
-20.3974
-16.85275
-14.03406
-11.6846
-9.664673
-7.889526
-6.303772
-4.86911
-3.557953
-2.349701
-1.228607
-0.1823425
0.7989502
1.723328
2.597321
3.426453
4.215363
4.967957
5.687653
6.377289
7.03949
7.676453
8.290131
8.882263
9.454407
10.00793
10.54413
11.06403
11.56873
12.05908
12.53598
13.00018
13.45236
13.89316
14.32318
14.74298
15.15308
15.55389
15.94589
16.32947
16.70502
17.07285
17.43332
17.78674
18.13342
18.47357
18.8075
19.13541
19.45752
19.77411
20.0853
20.39133
20.69238
20.98859
21.28015
21.5672
21.84988
22.12833
22.40271
22.67313
22.9397
23.20251
23.46176
23.71747
23.96976
24.21872
24.46448
24.70706
24.94662
25.1832
25.4169
25.64777
25.87589
26.10132
26.32413
26.5444
26.76221
26.97757
27.19055
27.40121
27.60962
27.81583
28.01984
28.22177
28.42163
28.61945
28.81528
29.00919
29.2012
29.39136
29.57968
29.76624
29.95105
30.13412
30.31552
30.4953
30.67343
30.85001
-32.50371
-24.61058
-19.74867
-16.18213
-13.34579
-10.98141
-8.948547
-7.161926
-5.565857
-4.121796
-2.802002
-1.585754
-0.4572144
0.5960388
1.583954
2.514557
3.39447
4.229248
5.023529
5.78125
6.505859
7.200287
7.867035
8.508392
9.126312
9.722565
10.29871
10.85611
11.39603
11.91959
12.42783
12.92166
13.40192
13.86938
14.32477
14.76871
15.20178
15.62457
16.03757
16.44125
16.83606
17.22238
17.60062
17.9711
18.33417
18.69016
19.03931
19.38193
19.71826
20.04855
20.37302
20.69186
21.00534
21.3136
21.61685
21.91522
22.20889
22.49805
22.78281
23.06329
23.33969
23.61209
23.88062
24.14539
24.40652
24.66409
24.91827
25.16907
25.41663
25.66104
25.90237
26.14072
26.37613
26.6087
26.83853
27.06564
27.29013
27.51205
27.73145
27.94843
28.16299
28.37524
28.58521
28.79294
28.9985
29.20193
29.40329
29.6026
29.79993
29.9953
30.18875
30.38034
30.5701
30.75803
30.94424
31.12872
31.31149
31.49261
31.67212
31.85001
-31.93188
-23.99252
-19.10126
-15.51273
-12.65869
-10.27939
-8.233521
-6.435425
-4.82901
-3.375519
-2.047058
-0.8227844
0.3132629
1.373535
2.368042
3.304901
4.190765
5.031189
5.830841
6.59375
7.323303
8.022491
8.693817
9.3396
9.961823
10.56219
11.14233
11.70361
12.24728
12.77451
13.28632
13.7836
14.26724
14.73801
15.19659
15.64368
16.07983
16.50562
16.92154
17.32812
17.72574
18.11481
18.49576
18.8689
19.23456
19.59311
19.94476
20.28986
20.6286
20.96127
21.28809
21.60928
21.92502
22.2355
22.54095
22.84149
23.13733
23.42859
23.71542
23.99796
24.27637
24.55075
24.82126
25.08798
25.35101
25.6105
25.86655
26.1192
26.36859
26.61481
26.85791
27.09799
27.33517
27.56949
27.80099
28.02979
28.25595
28.47952
28.70056
28.91913
29.13531
29.34915
29.56067
29.76996
29.97705
30.18201
30.38489
30.58569
30.78448
30.98132
31.17624
31.36926
31.56042
31.74982
31.93741
32.12326
32.30743
32.4899
32.67078
32.85001
-31.36153
-23.37582
-18.45512
-14.8446
-11.97278
-9.578491
-7.519623
-5.709991
-4.09317
-2.630249
-1.293091
-0.0607605
1.082794
2.150116
3.151245
4.094391
4.986176
5.832275
6.63736
7.405457
8.139984
8.843933
9.519897
10.1701
10.7966
11.40112
11.98526
12.55045
13.0979
13.62881
14.14417
14.64496
15.13199
15.60605
16.06787
16.5181
16.95734
17.38614
17.80502
18.21445
18.6149
19.00677
19.39041
19.76624
20.13452
20.49561
20.84979
21.19736
21.53857
21.87363
22.20282
22.52631
22.84433
23.15707
23.46472
23.76746
24.06543
24.3588
24.64771
24.93231
25.21277
25.48917
25.76163
26.0303
26.29529
26.55667
26.81458
27.06909
27.32031
27.56833
27.81323
28.05511
28.29401
28.53006
28.76328
28.99377
29.22159
29.44684
29.66953
29.88971
30.10751
30.32291
30.53604
30.74689
30.95551
31.16202
31.36636
31.5687
31.76898
31.96729
32.16364
32.35812
32.55072
32.74152
32.93054
33.1178
33.30334
33.48718
33.6694
33.85001
-30.79262
-22.76048
-17.8103
-14.1777
-11.28806
-8.878754
-6.806824
-4.985626
-3.358429
-1.885986
-0.5401001
0.7002869
1.851379
2.925751
3.933563
4.882996
5.780762
6.632568
7.443085
8.21637
8.955902
9.664642
10.34518
10.99988
11.63065
12.23935
12.82755
13.39661
13.94788
14.48245
15.00143
15.50568
15.99612
16.47351
16.93857
17.39197
17.83429
18.26611
18.68796
19.10031
19.5036
19.89822
20.28461
20.66309
21.034
21.39767
21.75443
22.10446
22.44812
22.78558
23.11713
23.44293
23.76328
24.07825
24.38812
24.69305
24.99319
25.28867
25.57971
25.86639
26.14886
26.42728
26.70172
26.97235
27.23926
27.50256
27.76236
28.01874
28.27182
28.52164
28.76834
29.01199
29.25269
29.49045
29.7254
29.95758
30.1871
30.414
30.63834
30.86017
31.07956
31.29657
31.51126
31.72369
31.93387
32.14191
32.34778
32.55161
32.75339
32.95316
33.151
33.34692
33.54099
33.73322
33.92365
34.1123
34.29922
34.48447
34.66806
34.85001
-30.22517
-22.14651
-17.16676
-13.51205
-10.60455
-8.180176
-6.095154
-4.26236
-2.624695
-1.142761
0.211853
1.460388
2.619019
3.7005
4.714966
5.670715
6.574493
7.432007
8.247986
9.026489
9.770996
10.48456
11.16977
11.82892
12.46402
13.07687
13.6691
14.24213
14.79718
15.33548
15.85803
16.36581
16.85968
17.34039
17.80872
18.26529
18.71072
19.14557
19.5704
19.98566
20.39178
20.78922
21.17831
21.55951
21.93304
22.29932
22.6586
23.01114
23.35724
23.69714
24.03104
24.35922
24.68182
24.99908
25.31119
25.61832
25.92062
26.21826
26.51138
26.80014
27.08466
27.36508
27.64154
27.91415
28.18298
28.44821
28.7099
28.96817
29.22308
29.47476
29.72327
29.96869
30.21112
30.45065
30.68735
30.92123
31.15244
31.38101
31.60699
31.83044
32.05148
32.27011
32.48639
32.70038
32.91211
33.1217
33.3291
33.53445
33.73773
33.939
34.13831
34.33569
34.53119
34.72485
34.91669
35.10678
35.2951
35.48172
35.66669
35.85001
-29.65918
-21.53391
-16.52454
-12.84763
-9.922211
-7.482727
-5.384613
-3.540161
-1.892029
-0.4005737
0.9628296
2.219482
3.385712
4.474304
5.495483
6.45755
7.367371
8.230591
9.052063
9.835785
10.58536
11.30374
11.99359
12.65723
13.29666
13.91373
14.51001
15.08694
15.64584
16.18787
16.71405
17.22534
17.72263
18.2067
18.67828
19.13803
19.58658
20.02451
20.4523
20.87045
21.27945
21.67969
22.07156
22.45544
22.83163
23.2005
23.56235
23.91739
24.26596
24.60828
24.94458
25.27509
25.60004
25.91956
26.23392
26.54324
26.84772
27.14749
27.44275
27.73358
28.02017
28.30264
28.58109
28.85565
29.12646
29.39362
29.6572
29.91736
30.17413
30.42764
30.67795
30.9252
31.1694
31.41068
31.64908
31.8847
32.11761
32.34784
32.5755
32.80063
33.02328
33.2435
33.4614
33.67694
33.89026
34.10138
34.31033
34.51721
34.72198
34.92474
35.12555
35.3244
35.52136
35.71646
35.90973
36.10123
36.29095
36.47897
36.66531
36.85001
-29.09465
-20.92267
-15.88361
-12.18445
-9.241089
-6.786469
-4.675171
-2.819061
-1.160431
0.3406067
1.71283
2.977631
4.151459
5.247192
6.275085
7.24353
8.159393
9.028381
9.855316
10.64432
11.3989
12.12213
12.81665
13.4848
14.1286
14.74985
15.35022
15.93112
16.49387
17.03961
17.5694
18.08423
18.58496
19.07239
19.54727
20.01022
20.46191
20.90289
21.33368
21.75479
22.16666
22.5697
22.96432
23.35092
23.72977
24.10126
24.46564
24.82324
25.17429
25.51901
25.85773
26.19061
26.51785
26.83969
27.15628
27.46783
27.77448
28.07642
28.37378
28.66672
28.95538
29.23987
29.52036
29.79691
30.06967
30.33878
30.60428
30.8663
31.12494
31.38028
31.63245
31.88147
32.12747
32.37051
32.61066
32.84802
33.08261
33.31454
33.54388
33.77063
33.99493
34.2168
34.43628
34.65341
34.86832
35.08099
35.2915
35.49988
35.70618
35.91043
36.11273
36.31305
36.51147
36.70801
36.90274
37.09564
37.2868
37.47623
37.66394
37.85001
-28.53157
-20.31279
-15.24396
-11.52255
-8.561188
-6.091339
-3.966858
-2.09906
-0.4298706
1.08078
2.461792
3.734802
4.91626
6.019135
7.053802
8.028625
8.950531
9.825287
10.65775
11.45203
12.21167
12.93979
13.63898
14.31165
14.95981
15.5853
16.18976
16.77463
17.34122
17.89072
18.42416
18.94254
19.44672
19.93753
20.41568
20.88187
21.33667
21.78073
22.21454
22.63858
23.05334
23.45923
23.85663
24.24591
24.62747
25.00156
25.36853
25.72864
26.08218
26.42938
26.77048
27.10571
27.4353
27.75943
28.07828
28.39206
28.70093
29.005
29.3045
29.59955
29.89029
30.17685
30.45932
30.73788
31.01263
31.28366
31.55109
31.815
32.07553
32.33273
32.58673
32.83755
33.08536
33.33017
33.57208
33.81116
34.04745
34.2811
34.51208
34.74054
34.96646
35.18994
35.41104
35.62979
35.84625
36.06049
36.27255
36.48245
36.69028
36.89606
37.09985
37.30164
37.50153
37.69952
37.89569
38.09003
38.28259
38.47345
38.66257
38.85001
-27.96996
-19.7043
-14.60562
-10.86188
-7.882446
-5.3974
-3.259674
-1.380127
0.2996216
1.819885
3.209778
4.490997
5.680115
6.790192
7.831604
8.812836
9.740845
10.62137
11.45935
12.25894
13.02368
13.75665
14.46057
15.13776
15.79028
16.42004
17.02859
17.61746
18.18793
18.74115
19.27826
19.8002
20.30786
20.80206
21.28351
21.75293
22.21091
22.65805
23.09488
23.52188
23.93951
24.34824
24.74844
25.14047
25.52469
25.90143
26.27097
26.63364
26.98965
27.33932
27.68283
28.02045
28.35239
28.6788
28.99994
29.31595
29.62701
29.93329
30.23492
30.5321
30.82492
31.11353
31.39804
31.67859
31.95532
32.2283
32.49765
32.76349
33.02588
33.28497
33.54077
33.79346
34.04303
34.28961
34.53329
34.77411
35.01215
35.24747
35.48016
35.71027
35.93784
36.16296
36.38568
36.60605
36.8241
37.03992
37.25351
37.46497
37.67435
37.88162
38.08691
38.29019
38.49155
38.69101
38.88861
39.08441
39.27841
39.47064
39.66116
39.85001
-27.40981
-19.09715
-13.9686
-10.20245
-7.204956
-4.70459
-2.553619
-0.6622925
1.028046
2.557983
3.956757
5.246216
6.443024
7.560303
8.608521
9.596191
10.53027
11.41663
12.26016
13.06503
13.83487
14.57275
15.28137
15.96313
16.62009
17.25406
17.86676
18.45963
19.03397
19.59097
20.13174
20.65729
21.16843
21.66602
22.15079
22.62344
23.08459
23.53482
23.97467
24.40466
24.82523
25.23679
25.63977
26.03455
26.42145
26.80084
27.17297
27.53818
27.89673
28.24884
28.59482
28.93481
29.2691
29.59784
29.92126
30.2395
30.5528
30.86124
31.16504
31.46432
31.75922
32.0499
32.33646
32.61905
32.89774
33.1727
33.44397
33.71173
33.97601
34.23697
34.49463
34.74911
35.00052
35.2489
35.49432
35.73691
35.97665
36.21371
36.44809
36.67987
36.90912
37.13586
37.3602
37.58218
37.80182
38.01923
38.23441
38.44742
38.65829
38.86713
39.07388
39.27869
39.48154
39.68246
39.88153
40.07874
40.27417
40.46783
40.65976
40.85001
-26.8511
-18.49139
-13.33289
-9.54425
-6.528625
-4.01297
-1.848663
0.05444336
1.755432
3.295044
4.702759
6.000458
7.204956
8.329468
9.384521
10.37863
11.31885
12.21103
13.06012
13.87033
14.64529
15.38809
16.10147
16.78778
17.44913
18.0874
18.70422
19.30109
19.87933
20.44016
20.98462
21.51373
22.02838
22.52936
23.01749
23.49338
23.9577
24.41104
24.85394
25.28693
25.71039
26.12482
26.53061
26.92816
27.31775
27.6998
28.07455
28.44232
28.80338
29.15799
29.50638
29.84879
30.18542
30.51651
30.84219
31.16272
31.47821
31.78885
32.09482
32.39624
32.69324
32.98599
33.2746
33.5592
33.8399
34.11682
34.39008
34.65973
34.92593
35.18875
35.44827
35.70459
35.95782
36.20798
36.4552
36.69952
36.94101
37.17978
37.41586
37.64932
37.88022
38.10864
38.33463
38.5582
38.77945
38.99844
39.21518
39.42975
39.64218
39.85254
40.06082
40.26712
40.47147
40.67386
40.87439
41.07306
41.26993
41.46503
41.65836
41.85001
-26.29387
-17.88701
-12.69846
-8.887329
-5.853516
-3.32251
-1.144867
0.7701111
2.48175
4.031097
5.447723
6.753723
7.965973
9.097748
10.15961
11.16019
12.10654
13.00458
13.85925
14.67484
15.45493
16.20264
16.92078
17.61166
18.27747
18.92001
19.54102
20.14191
20.72406
21.28867
21.83685
22.36954
22.8877
23.39212
23.88358
24.36276
24.83029
25.28674
25.7327
26.16867
26.59506
27.01239
27.42099
27.82129
28.21362
28.5983
28.97568
29.34604
29.70963
30.06671
30.41754
30.76236
31.10138
31.43478
31.76279
32.08557
32.40329
32.71616
33.02429
33.32785
33.62695
33.92178
34.21246
34.49908
34.7818
35.0607
35.33591
35.60748
35.87561
36.14032
36.4017
36.65988
36.91492
37.16687
37.41586
37.66196
37.90521
38.14569
38.38348
38.61865
38.85123
39.0813
39.3089
39.53412
39.75699
39.97757
40.19589
40.41202
40.62601
40.83789
41.0477
41.25549
41.46133
41.66522
41.86722
42.06735
42.26566
42.46219
42.65695
42.85001
-25.7381
-17.28398
-12.06534
-8.231659
-5.179626
-2.633209
-0.4421692
1.48465
3.207001
4.766083
6.191681
7.505981
8.726013
9.865051
10.93378
11.94086
12.89337
13.79727
14.65756
15.47852
16.26376
17.01645
17.73932
18.43484
19.10507
19.75192
20.37708
20.98203
21.56812
22.13654
22.68842
23.22476
23.74643
24.2543
24.74911
25.23157
25.7023
26.1619
26.61093
27.0499
27.47925
27.89944
28.31088
28.71396
29.10901
29.49637
29.87637
30.2493
30.61545
30.97504
31.32834
31.67557
32.01697
32.35272
32.68301
33.00809
33.32806
33.64313
33.95343
34.25912
34.56039
34.8573
35.15002
35.43872
35.72342
36.0043
36.28146
36.55502
36.82504
37.09164
37.35492
37.61493
37.8718
38.12558
38.37637
38.62424
38.86923
39.11145
39.35095
39.5878
39.82208
40.0538
40.28308
40.50992
40.73441
40.95657
41.17648
41.3942
41.60974
41.82315
42.03452
42.24384
42.45117
42.65656
42.86002
43.06161
43.26138
43.45935
43.65555
43.85001
-25.18378
-16.68234
-11.43353
-7.57724
-4.506927
-1.945068
0.2593689
2.19812
3.931183
5.500061
6.934662
8.257294
9.485077
10.63144
11.70706
12.72064
13.67935
14.58914
15.45505
16.2814
17.07181
17.82947
18.55713
19.25726
19.93198
20.58313
21.21246
21.82147
22.4115
22.98376
23.5394
24.07935
24.60455
25.11588
25.61407
26.09979
26.57376
27.0365
27.48862
27.93057
28.36292
28.78598
29.20029
29.60614
30.00394
30.39398
30.77664
31.15216
31.52084
31.88293
32.23871
32.58838
32.93216
33.27026
33.60291
33.93024
34.25247
34.56976
34.88226
35.19012
35.4935
35.79251
36.08734
36.37805
36.66479
36.94769
37.22681
37.50232
37.77426
38.04276
38.30792
38.56979
38.82849
39.08411
39.33667
39.5863
39.8331
40.07706
40.31827
40.55685
40.79279
41.02621
41.25711
41.4856
41.7117
41.93549
42.15701
42.37628
42.59341
42.80838
43.02127
43.23212
43.44095
43.64783
43.85278
44.05585
44.25708
44.45648
44.65411
44.85001
-24.63092
-16.08206
-10.80304
-6.924072
-3.835419
-1.258087
0.9598083
2.910492
4.654297
6.232971
7.676605
9.007599
10.24323
11.39688
12.4794
13.49951
14.46445
15.38016
16.25171
17.08344
17.87903
18.64169
19.37418
20.07895
20.75812
21.41364
22.04718
22.66025
23.25424
23.83035
24.38971
24.93332
25.4621
25.97687
26.47842
26.96747
27.44467
27.91058
28.36578
28.81076
29.24606
29.67206
30.0892
30.49786
30.89841
31.29117
31.67645
32.0546
32.42581
32.79044
33.14868
33.50079
33.84698
34.18744
34.52243
34.85205
35.17654
35.49606
35.81076
36.12079
36.4263
36.72745
37.02435
37.31711
37.6059
37.89078
38.17191
38.44934
38.72324
38.99365
39.26068
39.52444
39.785
40.04242
40.29681
40.54825
40.79678
41.04248
41.28546
41.52573
41.76337
41.99847
42.23105
42.46118
42.68893
42.91434
43.13745
43.35831
43.577
43.79352
44.00797
44.22034
44.43069
44.63907
44.84552
45.05005
45.25275
45.45361
45.65268
45.85001
-24.07953
-15.48315
-10.17386
-6.272186
-3.165131
-0.5722961
1.659088
3.621765
5.376373
6.964874
8.417542
9.756958
11.0004
12.16141
13.25085
14.27753
15.24866
16.17029
17.04755
17.8847
18.68549
19.45316
20.19046
20.89987
21.58356
22.24341
22.88116
23.49835
24.09628
24.67627
25.23938
25.78665
26.319
26.83725
27.34222
27.83456
28.315
28.78409
29.2424
29.69043
30.12869
30.55762
30.97763
31.3891
31.79239
32.18787
32.57584
32.95657
33.33038
33.69754
34.05826
34.41281
34.76141
35.10428
35.44156
35.77353
36.10028
36.42203
36.73895
37.05115
37.35883
37.66208
37.96106
38.25592
38.54672
38.83362
39.11673
39.39615
39.672
39.94431
40.21326
40.47888
40.7413
41.00055
41.25677
41.50998
41.76028
42.00778
42.25247
42.49448
42.73383
42.97061
43.20486
43.43665
43.66602
43.89307
44.11777
44.34024
44.56049
44.77859
44.99457
45.2085
45.42038
45.63025
45.8382
46.04425
46.24841
46.45071
46.65125
46.85001
-23.5296
-14.88562
-9.545959
-5.621521
-2.496063
0.1123352
2.357239
4.331909
6.097351
7.695709
9.157471
10.50531
11.75659
12.92499
14.02139
15.05463
16.03201
16.95959
17.84253
18.68512
19.49115
20.26382
21.00598
21.72006
22.40826
23.07248
23.71448
24.33575
24.93768
25.52155
26.08841
26.63937
27.17529
27.69705
28.20541
28.70111
29.18478
29.65707
30.11847
30.56958
31.01083
31.44269
31.86557
32.27985
32.68594
33.08411
33.47476
33.85812
34.23453
34.60422
34.96744
35.32446
35.67548
36.02072
36.36038
36.69461
37.02368
37.34769
37.66681
37.9812
38.29102
38.59641
38.89749
39.19443
39.48727
39.77621
40.06131
40.34271
40.62048
40.89474
41.16559
41.43311
41.69739
41.9585
42.21652
42.47156
42.72366
42.9729
43.21933
43.46307
43.70413
43.9426
44.17853
44.41199
44.64304
44.87167
45.09802
45.32208
45.54391
45.76361
45.98114
46.19659
46.41
46.62143
46.83087
47.03839
47.24405
47.44781
47.64981
47.85001
-22.98112
-14.28946
-8.919403
-4.972137
-1.828217
0.7957764
3.054291
5.040985
6.817261
8.425537
9.896393
11.25266
12.51184
13.68762
14.79099
15.83084
16.81448
17.74805
18.63669
19.48474
20.29602
21.07373
21.82074
22.53952
23.23224
23.90085
24.54709
25.17249
25.77841
26.36615
26.93683
27.49146
28.03098
28.55624
29.06802
29.56708
30.05402
30.52948
30.99405
31.44821
31.89246
32.32724
32.75302
33.17014
33.57901
33.97992
34.37323
34.75925
35.13824
35.5105
35.87622
36.23572
36.58917
36.9368
37.27881
37.61539
37.94672
38.27298
38.59433
38.91092
39.22293
39.53046
39.83365
40.13266
40.42758
40.71854
41.00565
41.28903
41.56879
41.84497
42.11774
42.38715
42.65329
42.91626
43.17612
43.43295
43.68683
43.93784
44.18607
44.43152
44.67432
44.91449
45.1521
45.38724
45.6199
45.85022
46.07816
46.30383
46.52728
46.74854
46.96765
47.18466
47.3996
47.61255
47.82349
48.03253
48.23965
48.44492
48.64835
48.85001
-22.43411
-13.6947
-8.294128
-4.324005
-1.161591
1.478058
3.750153
5.748962
7.536102
9.154297
10.63428
11.99902
13.26611
14.44931
15.55969
16.60614
17.5961
18.53564
19.42999
20.28354
21.10007
21.88284
22.63474
23.35822
24.05548
24.72849
25.379
26.00851
26.61847
27.21011
27.78458
28.3429
28.88605
29.41483
29.93005
30.43243
30.92267
31.40137
31.86905
32.32629
32.77356
33.2113
33.63998
34.05997
34.47159
34.87527
35.27127
35.65994
36.04153
36.41635
36.78461
37.14658
37.50247
37.85251
38.19687
38.5358
38.86942
39.19797
39.52155
39.84036
40.15451
40.4642
40.76953
41.07062
41.36761
41.66061
41.94974
42.23511
42.51682
42.79495
43.06964
43.34097
43.60898
43.87381
44.1355
44.39417
44.64984
44.90265
45.15262
45.39984
45.64435
45.88623
46.12555
46.36237
46.59671
46.82864
47.05823
47.28552
47.51056
47.7334
47.95407
48.17264
48.38913
48.60361
48.8161
49.02661
49.23523
49.44199
49.64691
49.85001
-21.88858
-13.10129
-7.670197
-3.677124
-0.4961548
2.15918
4.444916
6.455811
8.253876
9.882019
11.37119
12.74442
14.01941
15.21008
16.32745
17.38055
18.3768
19.32239
20.22247
21.08151
21.90332
22.69119
23.44797
24.17615
24.87799
25.55542
26.21017
26.84387
27.45786
28.05341
28.63168
29.19373
29.74048
30.2728
30.79147
31.29724
31.79077
32.27267
32.74353
33.20386
33.65414
34.09488
34.52646
34.94928
35.36374
35.77014
36.16888
36.56018
36.9444
37.32178
37.69257
38.05704
38.41537
38.76782
39.11459
39.45584
39.79178
40.12259
40.44843
40.76947
41.08582
41.39764
41.70511
42.0083
42.30737
42.60242
42.89359
43.18094
43.46463
43.74472
44.02133
44.29456
44.56448
44.83118
45.09473
45.35519
45.6127
45.86728
46.11902
46.36798
46.61426
46.85785
47.09888
47.33737
47.57336
47.80698
48.03821
48.26712
48.49377
48.7182
48.94046
49.16058
49.37863
49.59464
49.80865
50.02069
50.2308
50.43906
50.64545
50.85001
-21.3445
-12.50928
-7.047577
-3.031494
0.1680603
2.839111
5.138519
7.16156
8.970581
10.6087
12.10703
13.4888
14.77176
15.96988
17.0943
18.15408
19.15665
20.10825
21.0141
21.87866
22.70578
23.49875
24.26041
24.99335
25.69977
26.38162
27.04068
27.67853
28.29657
28.89606
29.47818
30.04395
30.59433
31.13019
31.65231
32.16147
32.65829
33.14343
33.61746
34.0809
34.53424
34.97794
35.41245
35.83813
36.2554
36.66458
37.06601
37.45999
37.84683
38.22681
38.60013
38.9671
39.32791
39.68277
40.03192
40.37555
40.71381
41.04691
41.375
41.69824
42.01678
42.33081
42.64038
42.94568
43.24686
43.54395
43.83716
44.12653
44.4122
44.69427
44.97281
45.24796
45.51978
45.78833
46.05374
46.31607
46.57538
46.83176
47.0853
47.336
47.58401
47.82935
48.07208
48.31226
48.54993
48.78519
49.01807
49.24863
49.4769
49.70291
49.92676
50.14847
50.36807
50.58563
50.80118
51.01474
51.22635
51.4361
51.64395
51.85001
-20.80188
-11.91864
-6.426239
-2.387146
0.8310547
3.517853
5.830994
7.866211
9.686188
11.33432
12.84189
14.23218
15.52313
16.72876
17.86023
18.9267
19.93561
20.89328
21.8049
22.67502
23.50745
24.30548
25.07211
25.80978
26.52078
27.20709
27.87048
28.51251
29.13458
29.73804
30.32401
30.89349
31.44754
31.98697
32.51257
33.02512
33.52527
34.01367
34.49084
34.9574
35.41379
35.86047
36.29791
36.7265
37.14658
37.55856
37.96271
38.35938
38.74887
39.13141
39.50729
39.87677
40.24005
40.59735
40.94891
41.29489
41.63547
41.97089
42.30124
42.62671
42.94748
43.26364
43.57538
43.88281
44.18607
44.48523
44.78049
45.07187
45.35953
45.64359
45.92407
46.20114
46.47485
46.7453
47.01257
47.27673
47.5379
47.79608
48.05139
48.30389
48.55362
48.80069
49.04514
49.28702
49.5264
49.76334
49.99786
50.23004
50.45993
50.68756
50.91302
51.13629
51.35748
51.57657
51.79367
52.00876
52.22189
52.43314
52.64249
52.85001
-20.26073
-11.32938
-5.806244
-1.74408
1.492828
4.195435
6.522308
8.569733
10.40073
12.0589
13.57571
14.97458
16.27353
17.48666
18.62524
19.69839
20.71371
21.67743
22.59485
23.47052
24.30829
25.11148
25.88303
26.62546
27.34109
28.03186
28.69955
29.34579
29.97195
30.57935
31.16916
31.74243
32.30014
32.84314
33.37222
33.88818
34.39166
34.88333
35.36371
35.83337
36.29285
36.74252
37.18292
37.61438
38.03732
38.45206
38.85895
39.25833
39.65045
40.03561
40.41406
40.78604
41.15179
41.51157
41.86551
42.21387
42.55679
42.8945
43.22714
43.55487
43.87784
44.1962
44.5101
44.81964
45.125
45.42627
45.72354
46.01697
46.30664
46.59265
46.87512
47.15411
47.42975
47.70209
47.97122
48.23724
48.50021
48.76022
49.01733
49.27161
49.52313
49.77191
50.0181
50.26169
50.50275
50.74136
50.97754
51.21136
51.4429
51.67215
51.8992
52.12408
52.34683
52.56747
52.7861
53.00275
53.21741
53.43015
53.64099
53.85001
-19.72104
-10.74149
-5.187561
-1.102264
2.153381
4.871826
7.212494
9.272156
11.1142
12.78244
14.3085
15.71597
17.02298
18.24362
19.38931
20.46921
21.49091
22.46072
23.38397
24.2652
25.10831
25.91666
26.69315
27.4404
28.16064
28.8559
29.52792
30.17838
30.80862
31.42001
32.0137
32.59073
33.1521
33.6987
34.23129
34.75067
35.25751
35.75244
36.23602
36.70883
37.17136
37.62408
38.06741
38.50177
38.92755
39.34509
39.75476
40.15683
40.55161
40.93936
41.3204
41.69492
42.06317
42.42538
42.78177
43.13251
43.47778
43.81781
44.15271
44.4827
44.80789
45.12845
45.44452
45.7562
46.06366
46.367
46.66635
46.96182
47.25351
47.5415
47.82593
48.10687
48.38443
48.65866
48.92969
49.19757
49.4624
49.72421
49.98312
50.2392
50.49246
50.74301
50.99094
51.23624
51.479
51.7193
51.95715
52.19263
52.42578
52.65668
52.88531
53.11179
53.33612
53.55835
53.77853
53.9967
54.21289
54.42715
54.6395
54.85001
-19.1828
-10.155
-4.570221
-0.4617004
2.812714
5.547058
7.90155
9.97348
11.8266
13.50491
15.04028
16.45639
17.77142
18.99963
20.15247
21.23911
22.26721
23.24313
24.17224
25.05905
25.90753
26.72104
27.50253
28.25458
28.97946
29.6792
30.35559
31.01025
31.64462
32.26001
32.85757
33.43842
34.00345
34.55365
35.08978
35.61258
36.12277
36.62097
37.10779
37.58374
38.04935
38.5051
38.95142
39.3887
39.81732
40.2377
40.65009
41.05487
41.45233
41.84271
42.22632
42.60339
42.97415
43.33884
43.69763
44.05075
44.39841
44.74075
45.07797
45.41022
45.73764
46.06039
46.37863
46.69247
47.00204
47.3075
47.60892
47.90643
48.20013
48.49011
48.77652
49.05942
49.3389
49.61505
49.88797
50.15771
50.42438
50.68805
50.94876
51.2066
51.46167
51.71399
51.96362
52.21066
52.45514
52.69711
52.93665
53.1738
53.4086
53.64111
53.87137
54.09946
54.32538
54.54916
54.7709
54.99063
55.20837
55.42413
55.638
55.85001
-18.64604
-9.569885
-3.954163
0.1775818
3.470825
6.2211
8.589447
10.67368
12.53787
14.22635
15.77103
17.1958
18.51889
19.7547
20.91467
22.00809
23.04263
24.02469
24.95966
25.85208
26.70596
27.52466
28.31113
29.06799
29.79755
30.5018
31.18256
31.84146
32.47995
33.09933
33.70081
34.28543
34.85419
35.40799
35.94763
36.47391
36.98746
37.48895
37.979
38.45813
38.92685
39.38562
39.8349
40.27512
40.70663
41.12979
41.54498
41.95248
42.35263
42.74567
43.13187
43.51147
43.88474
44.25189
44.61313
44.96866
45.3187
45.66336
46.00287
46.3374
46.66708
46.99203
47.31247
47.62845
47.94019
48.24771
48.55121
48.85077
49.14651
49.43851
49.7269
50.01175
50.29318
50.57126
50.84607
51.11768
51.3862
51.6517
51.91425
52.17389
52.43073
52.68481
52.93622
53.18497
53.43115
53.67484
53.91605
54.15488
54.39133
54.62549
54.85736
55.08704
55.31458
55.53995
55.76328
55.98453
56.2038
56.42111
56.63651
56.85001
-18.11075
-8.986145
-3.339447
0.8156128
4.127716
6.893951
9.276184
11.37277
13.24811
14.94672
16.50076
17.93417
19.26541
20.50882
21.67596
22.77618
23.81717
24.80539
25.74622
26.64429
27.50357
28.32745
29.11893
29.88065
30.61487
31.32364
32.00879
32.67197
33.31458
33.93799
34.54337
35.13181
35.70428
36.26172
36.8049
37.33463
37.85159
38.35638
38.84967
39.33197
39.8038
40.26562
40.7179
41.16104
41.59546
42.02145
42.43942
42.84967
43.25247
43.64816
44.03696
44.41916
44.79495
45.16458
45.52826
45.88623
46.23862
46.58563
46.92746
47.26428
47.59619
47.9234
48.246
48.56418
48.87802
49.18768
49.49326
49.79489
50.09265
50.38669
50.67706
50.96387
51.24725
51.52725
51.80396
52.07748
52.34787
52.6152
52.87958
53.14102
53.39966
53.65552
53.90866
54.15918
54.40707
54.65247
54.89539
55.13586
55.37396
55.60977
55.84329
56.07458
56.30371
56.5307
56.75558
56.97842
57.19925
57.41809
57.63498
57.85001
-17.57692
-8.403778
-2.726044
1.452362
4.783386
7.565613
9.961761
12.07074
13.95724
15.66602
17.22943
18.67157
20.01093
21.26196
22.43631
23.54333
24.59082
25.58521
26.53192
27.43567
28.30035
29.12946
29.92599
30.69254
31.43146
32.14478
32.83432
33.50177
34.14853
34.77597
35.38528
35.97757
36.55377
37.11484
37.66159
38.19479
38.71512
39.22327
39.71979
40.20529
40.68024
41.14511
41.6004
42.04651
42.4838
42.91266
43.3334
43.7464
44.15192
44.55026
44.94168
45.32642
45.70474
46.07687
46.44302
46.80341
47.1582
47.50757
47.85172
48.19083
48.52499
48.85443
49.17926
49.49957
49.81558
50.12735
50.43503
50.73874
51.03854
51.33459
51.62698
51.91577
52.20111
52.48303
52.76169
53.03708
53.30936
53.57855
53.84473
54.10803
54.36844
54.62607
54.88098
55.13324
55.3829
55.62997
55.8746
56.11676
56.35654
56.59399
56.82916
57.06207
57.29282
57.52139
57.74786
57.97226
58.19464
58.41504
58.63348
58.85001
-17.04456
-7.822815
-2.113953
2.08783
5.437805
8.236084
10.64621
12.76758
14.66528
16.38428
17.95709
19.40799
20.75546
22.01419
23.19574
24.3096
25.36356
26.36414
27.3168
28.2262
29.09631
29.93066
30.73224
31.50366
32.24728
32.96518
33.65915
34.33087
34.98181
35.61331
36.22656
36.82266
37.40262
37.96735
38.51767
39.05435
39.57809
40.08957
40.58939
41.07806
41.55615
42.02411
42.48239
42.93146
43.37164
43.80338
44.22693
44.64267
45.0509
45.4519
45.84595
46.23331
46.61417
46.9888
47.35742
47.72025
48.07742
48.42917
48.77563
49.11703
49.45349
49.78516
50.11218
50.43472
50.75287
51.06677
51.37656
51.68234
51.98422
52.28229
52.57669
52.86746
53.15475
53.43863
53.71921
53.99649
54.27066
54.54172
54.80975
55.07486
55.3371
55.59653
55.85321
56.10721
56.35858
56.60742
56.85373
57.0976
57.33905
57.57816
57.81497
58.0495
58.28186
58.51205
58.74011
58.96609
59.19003
59.41196
59.63196
59.85001
-16.51367
-7.243225
-1.503204
2.722046
6.091003
8.905365
11.3295
13.46332
15.37222
17.10147
18.68375
20.14337
21.49902
22.76541
23.95422
25.07495
26.13544
27.14221
28.1008
29.01587
29.89148
30.73108
31.53772
32.31403
33.06238
33.78482
34.48325
35.15927
35.81439
36.44995
37.06717
37.66711
38.25082
38.81921
39.37314
39.9133
40.44049
40.95532
41.4584
41.95029
42.43152
42.90259
43.36389
43.81592
44.25903
44.6936
45.12
45.53851
45.94946
46.35315
46.74982
47.13977
47.52319
47.90036
48.27145
48.63669
48.99628
49.3504
49.69925
50.04294
50.38168
50.71561
51.04486
51.36957
51.68988
52.00595
52.31784
52.6257
52.92963
53.22977
53.52615
53.81894
54.10822
54.39404
54.67651
54.95575
55.23178
55.5047
55.7746
56.04153
56.3056
56.5668
56.82529
57.08105
57.33417
57.58472
57.83276
58.07831
58.32147
58.56223
58.80069
59.0369
59.27084
59.50266
59.7323
59.95987
60.18539
60.40887
60.6304
60.85001
-15.98422
-6.665039
-0.8937683
3.35498
6.742981
9.573456
12.01163
14.15793
16.07809
17.81763
19.40933
20.87775
22.24161
23.51569
24.71176
25.83936
26.90637
27.9194
28.88394
29.80475
30.68582
31.5307
32.34241
33.12363
33.87671
34.60376
35.30664
35.98697
36.64627
37.28592
37.9071
38.51093
39.09842
39.6705
40.228
40.7717
41.30231
41.8205
42.32687
42.82199
43.30637
43.78052
44.2449
44.69989
45.14594
45.5834
46.0126
46.4339
46.8476
47.25397
47.65329
48.04584
48.43182
48.81149
49.18509
49.5528
49.91479
50.2713
50.6225
50.96851
51.30954
51.64572
51.9772
52.30414
52.62662
52.94482
53.25885
53.56882
53.87482
54.177
54.47543
54.7702
55.06146
55.34924
55.63367
55.91479
56.19275
56.46753
56.73929
57.00809
57.27396
57.53699
57.79724
58.05478
58.30966
58.56195
58.81171
59.05896
59.3038
59.54623
59.78638
60.0242
60.2598
60.49323
60.72449
60.95364
61.18073
61.40579
61.62888
61.85001
-15.45627
-6.088226
-0.285675
3.986633
7.393738
10.24036
12.69263
14.85141
16.78287
18.53268
20.13388
21.61111
22.98322
24.26501
25.46835
26.60287
27.67645
28.69571
29.66626
30.59277
31.47934
32.3295
33.1463
33.93246
34.69031
35.42197
36.12927
36.81396
37.47748
38.12122
38.7464
39.3541
39.94537
40.52115
41.08224
41.62949
42.16354
42.68509
43.19476
43.69315
44.18069
44.65796
45.12537
45.58337
46.03238
46.47272
46.90475
47.32886
47.74527
48.15436
48.55634
48.95148
49.34006
49.72226
50.09836
50.46854
50.83298
51.19186
51.54541
51.89377
52.23709
52.57553
52.90927
53.2384
53.56308
53.88342
54.19958
54.51166
54.81976
55.12399
55.42444
55.72125
56.0145
56.30423
56.59061
56.87369
57.1535
57.43021
57.70383
57.97446
58.24216
58.50702
58.76904
59.02838
59.28503
59.53906
59.79053
60.03952
60.28604
60.53018
60.77197
61.01147
61.24872
61.48373
61.71661
61.94736
62.17606
62.40268
62.62732
62.85001
-14.92978
-5.512817
0.321106
4.617004
8.043243
10.9061
13.37244
15.54379
17.48654
19.2467
20.85742
22.34344
23.72382
25.01337
26.22403
27.36545
28.44562
29.47116
30.44769
31.37994
32.27203
33.1275
33.94943
34.74051
35.50314
36.23941
36.95123
37.64026
38.30801
38.95584
39.58502
40.19662
40.79172
41.37119
41.93591
42.48666
43.0242
43.54913
44.06213
44.56375
45.05447
45.53488
46.00534
46.46637
46.9183
47.36154
47.79645
48.22333
48.64252
49.05429
49.45895
49.85672
50.24789
50.63266
51.01126
51.38388
51.75076
52.11209
52.46799
52.8187
53.16431
53.50504
53.84103
54.17236
54.49927
54.82178
55.14008
55.45425
55.76443
56.07074
56.37326
56.67209
56.96732
57.25903
57.54736
57.83237
58.11414
58.3927
58.66821
58.9407
59.21024
59.4769
59.74075
60.00186
60.26028
60.51605
60.76929
61.01999
61.26822
61.51404
61.75751
61.99866
62.23755
62.47421
62.70871
62.94107
63.17136
63.39957
63.62576
63.85001
-14.40475
-4.938782
0.9265442
5.246094
8.691528
11.57062
14.05112
16.23505
18.18915
19.95966
21.5799
23.0748
24.46344
25.76077
26.97876
28.12714
29.2139
30.24573
31.22827
32.16629
33.0639
33.92471
34.75177
35.54779
36.31522
37.05612
37.77243
38.46582
39.13782
39.78979
40.42297
41.03851
41.63739
42.22058
42.78894
43.34326
43.88428
44.41263
44.92892
45.43381
45.92773
46.41125
46.88483
47.34885
47.80374
48.24991
48.68768
49.11737
49.53934
49.95383
50.36115
50.76157
51.15533
51.54266
51.92377
52.29889
52.66821
53.03195
53.39023
53.74329
54.09125
54.43427
54.77249
55.10608
55.43515
55.75986
56.08029
56.39661
56.70889
57.01727
57.32184
57.62268
57.91992
58.21365
58.50394
58.79086
59.07455
59.35504
59.63245
59.9068
60.17816
60.44666
60.71234
60.97522
61.23541
61.49298
61.74792
62.00037
62.25031
62.49783
62.74298
62.98581
63.22635
63.46466
63.70078
63.93475
64.16663
64.39642
64.62421
64.85001
-13.8812
-4.36615
1.53067
5.873932
9.338593
12.23392
14.72861
16.92514
18.89062
20.67151
22.30136
23.80515
25.20206
26.50717
27.73251
28.88788
29.98126
31.01941
32.00797
32.95178
33.85495
34.7211
35.55331
36.35431
37.12656
37.8721
38.59293
39.29071
39.96695
40.62305
41.26028
41.87973
42.48245
43.06937
43.64139
44.19928
44.74377
45.27551
45.7952
46.30331
46.80048
47.28714
47.76379
48.23083
48.68872
49.13779
49.57843
50.01096
50.4357
50.85294
51.26294
51.66602
52.06238
52.45227
52.83591
53.21353
53.58533
53.95145
54.31213
54.66754
55.01782
55.36316
55.70364
56.03946
56.37076
56.69766
57.02026
57.33868
57.65311
57.96356
58.27017
58.57306
58.87231
59.16803
59.4603
59.74921
60.03482
60.3172
60.5965
60.87271
61.14597
61.41629
61.68378
61.94849
62.21045
62.46976
62.72647
62.98065
63.23233
63.48154
63.72839
63.9729
64.21509
64.45505
64.69281
64.92841
65.16187
65.39328
65.62265
65.85001
-13.3591
-3.794891
2.133453
6.500488
9.984375
12.89606
15.40497
17.61414
19.59103
21.38232
23.02176
24.53445
25.9397
27.25262
28.48535
29.64771
30.74771
31.79221
32.78683
33.73642
34.6452
35.51669
36.35406
37.16006
37.9371
38.68735
39.41269
40.11487
40.79538
41.45566
42.09689
42.72028
43.32684
43.91754
44.49323
45.05469
45.60266
46.13785
46.66086
47.1723
47.67267
48.16251
48.64224
49.11234
49.57321
50.02521
50.46872
50.90408
51.3316
51.75159
52.16431
52.57004
52.96899
53.36148
53.74768
54.12778
54.50204
54.87064
55.2337
55.59149
55.94409
56.29172
56.63449
56.9726
57.30609
57.63516
57.95996
58.28055
58.59705
58.90961
59.21829
59.52322
59.82452
60.12222
60.41647
60.70734
60.99487
61.27921
61.56039
61.8385
62.11362
62.38577
62.65509
62.9216
63.18536
63.44647
63.70493
63.96085
64.21426
64.46521
64.71375
64.95993
65.2038
65.4454
65.68481
65.92203
66.1571
66.39011
66.62106
66.85001
-12.8385
-3.225037
2.734924
7.125732
10.62897
13.55698
16.08014
18.302
20.29031
22.09207
23.74112
25.26273
26.67633
27.99713
29.23724
30.40659
31.51328
32.56412
33.56482
34.52023
35.43457
36.31146
37.15402
37.96503
38.74692
39.50183
40.23175
40.93832
41.62311
42.28754
42.93286
43.56021
44.17062
44.76508
45.34442
45.90948
46.461
46.9996
47.526
48.04071
48.54431
49.03732
49.52017
49.99332
50.45718
50.91214
51.35855
51.79678
52.22708
52.64981
53.06525
53.47363
53.87524
54.27029
54.65906
55.04169
55.41843
55.78943
56.15494
56.51511
56.87006
57.22
57.56506
57.9054
58.24115
58.57242
58.89938
59.22211
59.54077
59.85541
60.1662
60.47318
60.77649
61.07623
61.37247
61.66528
61.95477
62.24103
62.52414
62.80414
63.08112
63.35513
63.62628
63.89459
64.16019
64.42307
64.68329
64.94095
65.19611
65.44876
65.69901
65.94687
66.19244
66.4357
66.67676
66.91562
67.15231
67.38693
67.61948
67.85001
-12.31934
-2.656555
3.335052
7.749725
11.27231
14.21671
16.75418
18.98871
20.98849
22.80072
24.45941
25.99002
27.41199
28.74063
29.98819
31.16455
32.27792
33.33514
34.34192
35.30319
36.22314
37.10544
37.95319
38.76923
39.55597
40.31558
41.05005
41.76105
42.45016
43.11877
43.76816
44.39948
45.01376
45.612
46.19504
46.7637
47.31873
47.86081
48.39056
48.9086
49.41544
49.91162
50.39761
50.87381
51.3407
51.79861
52.24792
52.689
53.12213
53.54761
53.96576
54.37683
54.7811
55.17874
55.57004
55.9552
56.33444
56.70792
57.07584
57.43835
57.79568
58.14795
58.49533
58.83792
59.1759
59.5094
59.83853
60.16345
60.48422
60.80099
61.11386
61.42291
61.72827
62.03
62.32825
62.62305
62.91449
63.2027
63.4877
63.76959
64.04846
64.32434
64.59735
64.86749
65.13489
65.39954
65.66156
65.92099
66.17786
66.43225
66.6842
66.93381
67.18103
67.42596
67.66867
67.90918
68.14752
68.38373
68.61789
68.85001
-11.80167
-2.089478
3.933838
8.372406
11.9144
14.87524
17.42703
19.67432
21.68561
23.50833
25.1767
26.71628
28.14664
29.48318
30.73816
31.9216
33.04169
34.10529
35.11816
36.0853
37.01089
37.89856
38.75156
39.57263
40.36426
41.1286
41.86761
42.58307
43.27649
43.94931
44.60278
45.23807
45.85626
46.45828
47.04501
47.61731
48.17587
48.72141
49.25455
49.77591
50.28604
50.7854
51.27451
51.75381
52.22369
52.6846
53.13681
53.58075
54.01672
54.44498
54.86588
55.27963
55.68652
56.08679
56.48065
56.86835
57.25009
57.62604
57.99637
58.3613
58.72101
59.07559
59.42526
59.77014
60.11038
60.44611
60.77744
61.10452
61.42743
61.74631
62.06128
62.37241
62.67981
62.98361
63.28384
63.58063
63.87405
64.16418
64.45111
64.73492
65.01566
65.29343
65.56827
65.84027
66.10947
66.37592
66.63974
66.90091
67.15955
67.41568
67.66937
67.92065
68.16956
68.4162
68.66055
68.90271
69.1427
69.38052
69.6163
69.85001
-11.28546
-1.523804
4.531311
8.993835
12.55524
15.53256
18.09872
20.35876
22.38159
24.21484
25.89291
27.4415
28.88031
30.22473
31.48721
32.6777
33.8045
34.87451
35.89355
36.86655
37.79779
38.69092
39.54913
40.37524
41.17175
41.94086
42.68448
43.40436
44.10211
44.77914
45.43674
46.07602
46.69809
47.30392
47.89438
48.47031
49.03241
49.58145
50.11801
50.6427
51.15607
51.65866
52.15091
52.6333
53.10623
53.5701
54.02527
54.47208
54.91086
55.34192
55.76553
56.18201
56.59155
56.99445
57.3909
57.78113
58.16537
58.54379
58.91656
59.28394
59.646
60.00293
60.35492
60.70209
61.04459
61.38254
61.71606
62.04532
62.37039
62.69141
63.00848
63.32169
63.63116
63.93698
64.23923
64.53802
64.8334
65.12552
65.41437
65.7001
65.98273
66.26236
66.53906
66.8129
67.08392
67.3522
67.6178
67.88077
68.14114
68.39902
68.65445
68.90744
69.15805
69.40637
69.6524
69.89621
70.13785
70.37732
70.61469
70.85001
-10.77072
-0.9595032
5.127441
9.613953
13.19485
16.18869
18.76923
21.04208
23.07648
24.92026
26.60809
28.16571
29.61295
30.96533
32.23529
33.43286
34.56644
35.64288
36.66806
37.64697
38.58386
39.48242
40.34589
41.17709
41.97852
42.75235
43.50058
44.22495
44.92706
45.60831
46.26999
46.9133
47.53931
48.14896
48.74313
49.32269
49.88837
50.44089
50.98087
51.50891
52.02557
52.53137
53.02679
53.51227
53.98825
54.45511
54.91321
55.36292
55.80453
56.2384
56.66479
57.08395
57.49619
57.9017
58.30075
58.69354
59.08029
59.46118
59.83643
60.20621
60.57065
60.92996
61.28427
61.63373
61.97849
62.3187
62.65445
62.98587
63.31311
63.63626
63.95544
64.27075
64.58231
64.89017
65.19443
65.49521
65.7926
66.08664
66.37747
66.6651
66.94965
67.23117
67.50974
67.78543
68.05829
68.32837
68.59576
68.8605
69.12268
69.38229
69.63943
69.89417
70.14648
70.39648
70.64423
70.88968
71.13297
71.37408
71.61307
71.85001
-10.25745
-0.3966064
5.722229
10.23279
13.83322
16.84363
19.43857
21.72427
23.77023
25.62463
27.3222
28.88889
30.3446
31.70496
32.98239
34.1871
35.32745
36.41034
37.44171
38.42651
39.36908
40.27313
41.14188
41.97815
42.78452
43.56311
44.31595
45.04483
45.75128
46.43677
47.1026
47.74994
48.37985
48.99332
49.59128
50.1745
50.74374
51.29977
51.84317
52.37457
52.89453
53.40356
53.90216
54.39075
54.86978
55.33963
55.80069
56.2533
56.69778
57.13446
57.5636
57.9855
58.40039
58.80856
59.21021
59.60556
59.99484
60.37823
60.75595
61.12814
61.495
61.85666
62.21332
62.56509
62.91211
63.25458
63.59253
63.92618
64.25558
64.58087
64.90219
65.2196
65.5332
65.84311
66.14944
66.45224
66.75159
67.04764
67.34039
67.62997
67.91641
68.19983
68.48029
68.75781
69.03253
69.30444
69.57364
69.84018
70.10413
70.36551
70.62439
70.88083
71.13489
71.3866
71.63599
71.88312
72.12805
72.37082
72.61145
72.85001
-9.745636
0.1648865
6.315674
10.85034
14.47034
17.49731
20.10675
22.4053
24.46292
26.32791
28.03528
29.61105
31.07526
32.44357
33.72858
34.94043
36.08752
37.17691
38.21445
39.2052
40.15347
41.06299
41.93704
42.77844
43.58972
44.37311
45.13058
45.86395
46.5748
47.26456
47.93454
48.58591
49.21976
49.83707
50.43878
51.02567
51.59854
52.15805
52.7049
53.23969
53.76294
54.27521
54.77701
55.26871
55.75082
56.22369
56.68771
57.14322
57.59058
58.03006
58.46198
58.88663
59.3042
59.71503
60.11929
60.51721
60.90906
61.29495
61.67511
62.04974
62.41901
62.78305
63.14203
63.49612
63.84546
64.19016
64.53036
64.86621
65.19778
65.52527
65.84869
66.16821
66.48392
66.7959
67.10425
67.40906
67.71042
68.00842
68.30316
68.59467
68.88306
69.16837
69.45068
69.7301
70.00665
70.2804
70.55142
70.81976
71.08548
71.34863
71.60925
71.86743
72.12323
72.37662
72.62772
72.87656
73.12314
73.36755
73.60983
73.85001
-9.235321
0.7250061
6.907806
11.46661
15.10623
18.14984
20.77377
23.08524
25.15445
27.03012
28.74728
30.33218
31.8049
33.18124
34.47379
35.69278
36.84671
37.9426
38.98633
39.98303
40.93704
41.85205
42.73141
43.57794
44.39417
45.18234
45.94449
46.68237
47.39761
48.09164
48.76578
49.4212
50.05902
50.68021
51.28568
51.87625
52.4527
53.01578
53.56607
54.10425
54.63083
55.14636
55.65131
56.14618
56.63135
57.10727
57.57425
58.03268
58.48291
58.92523
59.35995
59.78732
60.20761
60.62109
61.02798
61.4285
61.82288
62.2113
62.59393
62.97101
63.34268
63.70911
64.07047
64.42688
64.7785
65.12549
65.46793
65.80597
66.13977
66.46939
66.79495
67.11661
67.43439
67.74844
68.05884
68.36569
68.66907
68.96906
69.26575
69.5592
69.84952
70.13675
70.42096
70.70224
70.98065
71.25626
71.52908
71.79922
72.06674
72.33167
72.59409
72.854
73.11151
73.36664
73.61942
73.86993
74.11819
74.36429
74.60818
74.85001
-8.726471
1.283691
7.498566
12.08157
15.74084
18.80112
21.43961
23.76398
25.84491
27.73123
29.45822
31.05228
32.53354
33.91791
35.21802
36.44421
37.60498
38.70737
39.75735
40.76001
41.71976
42.64029
43.52496
44.37662
45.19785
45.99084
46.75766
47.50009
48.21973
48.91803
49.59634
50.25583
50.89761
51.52267
52.13193
52.7262
53.3063
53.87289
54.42667
54.96823
55.49814
56.01694
56.52512
57.02313
57.51138
57.99033
58.46033
58.92169
59.37482
59.81998
60.25748
60.68759
61.11063
61.52676
61.93628
62.33942
62.73633
63.12729
63.51242
63.89197
64.26605
64.63489
64.9986
65.35733
65.71127
66.06052
66.40521
66.74548
67.08148
67.41327
67.741
68.06476
68.38464
68.70078
69.01324
69.32214
69.62753
69.9295
70.22818
70.52359
70.81586
71.10498
71.39111
71.67429
71.95456
72.23199
72.50665
72.77863
73.04794
73.31464
73.5788
73.84048
74.09973
74.35657
74.61108
74.86328
75.11325
75.36099
75.60657
75.85001
-8.219086
1.841003
8.088013
12.69528
16.37424
19.4512
22.10425
24.44162
26.53424
28.43124
30.16812
31.77133
33.26117
34.65359
35.9613
37.1947
38.3623
39.47122
40.52747
41.53613
42.50162
43.4277
44.31772
45.17453
46.00073
46.79858
47.5701
48.31705
49.04111
49.74374
50.42624
51.08981
51.73557
52.36453
52.97757
53.57556
54.15927
54.72943
55.28668
55.83167
56.36493
56.88699
57.39841
57.89957
58.39093
58.87292
59.34592
59.81024
60.26627
60.71426
61.15457
61.58746
62.01321
62.43204
62.84421
63.24994
63.64941
64.04291
64.43054
64.81256
65.18909
65.5603
65.92639
66.28748
66.64374
66.99527
67.34222
67.68475
68.02295
68.3569
68.6868
69.0127
69.33472
69.65292
69.96747
70.27838
70.58582
70.8898
71.19046
71.48782
71.78201
72.07309
72.36115
72.64618
72.92831
73.20761
73.48413
73.7579
74.02902
74.29755
74.56348
74.82693
75.08789
75.3465
75.60269
75.8566
76.10825
76.35767
76.60492
76.85001
-7.713196
2.396912
8.676086
13.30765
17.00635
20.1001
22.76773
25.11807
27.22244
29.13019
30.87695
32.48935
33.98779
35.38828
36.70364
37.94427
39.11874
40.23419
41.29672
42.31137
43.28265
44.21429
45.10965
45.97165
46.80286
47.60556
48.38177
49.1333
49.86179
50.56873
51.25543
51.92313
52.57288
53.20572
53.82257
54.42432
55.01166
55.58539
56.14615
56.69452
57.23114
57.75653
58.27115
58.77548
59.26999
59.75504
60.23102
60.6983
61.15723
61.60812
62.05124
62.48691
62.91537
63.33691
63.75174
64.16006
64.56213
64.95816
65.34833
65.73282
66.11179
66.48541
66.85388
67.21735
67.5759
67.92975
68.27896
68.62375
68.96414
69.30032
69.63239
69.96042
70.28455
70.60486
70.92148
71.23447
71.54391
71.84991
72.15256
72.4519
72.74805
73.04108
73.33102
73.61798
73.90198
74.18317
74.46152
74.73712
75.01004
75.28036
75.5481
75.81329
76.07602
76.33633
76.5943
76.84991
77.10324
77.35434
77.60324
77.85001
-7.20874
2.951416
9.262848
13.91876
17.63724
20.74774
23.43002
25.79343
27.90955
29.82806
31.58475
33.20636
34.71341
36.12198
37.44501
38.69287
39.87424
40.99628
42.06506
43.08578
44.06281
45.00003
45.90079
46.76797
47.60422
48.41177
49.19269
49.94882
50.68176
51.39304
52.08395
52.75574
53.40952
54.0463
54.66696
55.27243
55.86343
56.44077
57.005
57.55685
58.09683
58.62552
59.14337
59.65091
60.14853
60.63663
61.11566
61.58591
62.04776
62.50153
62.94748
63.38593
63.81714
64.24136
64.65884
65.06982
65.47449
65.87308
66.26575
66.65271
67.03415
67.41022
67.78107
68.14688
68.50778
68.86392
69.21545
69.56247
69.90509
70.24347
70.5777
70.9079
71.23416
71.55658
71.87527
72.19034
72.50183
72.80984
73.1145
73.41583
73.71393
74.00888
74.30078
74.58963
74.87555
75.15857
75.43878
75.71625
75.991
76.26309
76.53262
76.79959
77.06409
77.32617
77.58585
77.84317
78.09821
78.35101
78.60159
78.85001
-6.70578
3.504517
9.848236
14.52853
18.26685
21.3942
24.09116
26.46759
28.59555
30.52484
32.29144
33.9223
35.43799
36.85471
38.18539
39.44052
40.62881
41.75745
42.83255
43.85928
44.84216
45.78497
46.6911
47.56351
48.40479
49.21722
50.0029
50.76361
51.50101
52.21664
52.91177
53.58771
54.24551
54.8862
55.51071
56.11993
56.71463
57.29553
57.86331
58.41858
58.96194
59.49396
60.01508
60.52579
61.02655
61.51776
61.99982
62.47305
62.93784
63.39447
63.84326
64.28452
64.71851
65.14545
65.56561
65.97922
66.38647
66.78763
67.18283
67.5723
67.95618
68.33469
68.70795
69.07614
69.43939
69.79785
70.15164
70.50092
70.84579
71.18637
71.5228
71.85516
72.18356
72.50809
72.82889
73.146
73.45956
73.76962
74.07626
74.37958
74.67966
74.97659
75.27039
75.56116
75.84897
76.13388
76.41595
76.69525
76.97183
77.24576
77.51709
77.78586
78.05212
78.31595
78.57736
78.83643
79.09317
79.34766
79.59991
79.85001
-6.204315
4.056213
10.43231
15.13705
18.89523
22.0394
24.75107
27.14062
29.2804
31.22049
32.9971
34.63724
36.16159
37.58643
38.9248
40.18723
41.38245
42.5177
43.59912
44.63196
45.62064
46.56906
47.48062
48.35825
49.20459
50.02191
50.81232
51.57767
52.31955
53.03952
53.73892
54.41901
55.08084
55.72546
56.35385
56.96683
57.56522
58.14972
58.72104
59.27979
59.82654
60.36185
60.88626
61.40018
61.90408
62.39838
62.88348
63.35971
63.82742
64.28699
64.73862
65.18268
65.61942
66.0491
66.47195
66.88821
67.2981
67.70181
68.09955
68.49152
68.8779
69.25885
69.63452
70.0051
70.3707
70.73148
71.08759
71.43912
71.78622
72.12903
72.46765
72.80219
73.13272
73.45941
73.78229
74.1015
74.41708
74.72919
75.03787
75.3432
75.64526
75.94412
76.23987
76.53256
76.8223
77.1091
77.39304
77.67419
77.95261
78.22836
78.5015
78.77203
79.04007
79.30566
79.56882
79.82962
80.08807
80.34427
80.59824
80.85001
-5.704285
4.606537
11.01501
15.74426
19.52234
22.68341
25.40982
27.8125
29.96414
31.9151
33.70169
35.3511
36.88416
38.31717
39.66324
40.93298
42.13516
43.27707
44.36484
45.40375
46.39825
47.35233
48.26932
49.15219
50.0036
50.82584
51.621
52.39096
53.13736
53.86172
54.5654
55.2496
55.9155
56.56409
57.19635
57.81311
58.41519
59.0033
59.57816
60.14038
60.69055
61.22922
61.7569
62.27405
62.7811
63.27853
63.76666
64.24591
64.71658
65.17905
65.63354
66.08044
66.51996
66.95236
67.3779
67.79681
68.20932
68.61563
69.01593
69.41043
69.79929
70.18268
70.56076
70.93372
71.3017
71.66483
72.02322
72.37704
72.72641
73.07144
73.41226
73.74899
74.0817
74.41049
74.7355
75.05679
75.37445
75.6886
75.9993
76.30664
76.61069
76.91153
77.20923
77.50385
77.79547
78.08417
78.37
78.65302
78.93329
79.21088
79.48581
79.75818
80.02798
80.29535
80.56027
80.82278
81.08298
81.34091
81.59656
81.85001
-5.20575
5.155426
11.59637
16.35016
20.14819
23.3262
26.06741
28.48325
30.64676
32.60858
34.40521
36.06393
37.60571
39.04691
40.40073
41.6778
42.88696
44.03549
45.12964
46.17465
47.17505
48.13477
49.05719
49.94531
50.80182
51.629
52.42896
53.20355
53.95447
54.68323
55.39117
56.07956
56.74951
57.40207
58.03821
58.65875
59.26456
59.85629
60.43472
61.00043
61.55402
62.09604
62.62701
63.14737
63.65762
64.15817
64.64938
65.13162
65.60529
66.07065
66.52805
66.97775
67.42004
67.85519
68.28345
68.70505
69.12018
69.52908
69.93195
70.32895
70.72031
71.10617
71.48669
71.86206
72.23239
72.59787
72.95859
73.3147
73.66635
74.01361
74.35666
74.69556
75.03043
75.36136
75.68848
76.01187
76.33163
76.64783
76.96057
77.26993
77.57596
77.87878
78.17844
78.47501
78.76855
79.05917
79.34689
79.63177
79.91388
80.1933
80.47006
80.74423
81.01584
81.28497
81.55167
81.81595
82.07788
82.33749
82.59485
82.85001
-4.70871
5.702911
12.17642
16.95474
20.7728
23.96777
26.72379
29.1528
31.32825
33.30096
35.10764
36.77573
38.32623
39.77567
41.13724
42.42166
43.63782
44.79303
45.89355
46.9447
47.95099
48.91635
49.84424
50.73767
51.59924
52.4314
53.23615
54.01541
54.77084
55.504
56.21625
56.90881
57.58286
58.23941
58.87943
59.50378
60.11331
60.70871
61.29071
61.85989
62.41693
62.96231
63.49658
64.0202
64.53363
65.03732
65.53159
66.01688
66.4935
66.96179
67.42209
67.87463
68.31973
68.75766
69.18863
69.61288
70.03067
70.44217
70.8476
71.24716
71.64102
72.02936
72.41232
72.7901
73.16281
73.53064
73.89371
74.25211
74.60602
74.95554
75.30078
75.64191
75.97894
76.31204
76.6413
76.9668
77.28864
77.6069
77.92166
78.23303
78.54111
78.84589
79.14752
79.44604
79.74152
80.03403
80.32364
80.61041
80.89441
81.17566
81.45425
81.73022
82.00366
82.27457
82.54303
82.80905
83.07272
83.33408
83.59317
83.85001
-4.213104
6.248993
12.75507
17.55804
21.39612
24.60812
27.37897
29.82123
32.00864
33.99225
35.80902
37.48648
39.04575
40.50342
41.87277
43.16458
44.38773
45.54965
46.65659
47.71387
48.72604
49.69711
50.63046
51.52917
52.3959
53.233
54.04257
54.82651
55.58652
56.32407
57.04062
57.7374
58.41553
59.07608
59.72003
60.34821
60.96146
61.56052
62.14609
62.71881
63.27927
63.82803
64.36563
64.89252
65.40915
65.91595
66.41333
66.90164
67.38129
67.85251
68.3157
68.77109
69.21899
69.6597
70.09338
70.52036
70.94077
71.35489
71.76291
72.16501
72.5614
72.95221
73.33765
73.71783
74.09296
74.46313
74.82852
75.18924
75.54544
75.89722
76.24469
76.58801
76.92725
77.26248
77.59387
77.92151
78.24542
78.56577
78.8826
79.19601
79.50607
79.81287
80.11646
80.41693
80.71436
81.00879
81.30032
81.58899
81.87482
82.15796
82.43839
82.71619
82.99139
83.2641
83.53433
83.80215
84.06757
84.33066
84.59146
84.85001
-3.718994
6.793701
13.3324
18.16006
22.01822
25.24725
28.03299
30.48849
32.68787
34.68246
36.50934
38.19617
39.76422
41.23016
42.6073
43.90652
45.13672
46.30536
47.4187
48.48215
49.50024
50.47702
51.41589
52.31992
53.19177
54.03384
54.84827
55.63687
56.40143
57.14343
57.86432
58.56531
59.24756
59.91211
60.55997
61.19199
61.80899
62.41174
63.00092
63.57715
64.14108
64.69324
65.23413
65.76428
66.28415
66.7941
67.29459
67.78595
68.26859
68.74277
69.20886
69.66711
70.11786
70.56131
70.99774
71.4274
71.85049
72.26727
72.67786
73.08252
73.48141
73.87473
74.26263
74.64523
75.02277
75.39532
75.76306
76.1261
76.48459
76.83862
77.18835
77.53387
77.87531
78.21274
78.54626
78.87601
79.20206
79.52448
79.84335
80.15881
80.47089
80.77969
81.08527
81.38773
81.6871
81.98346
82.27689
82.56744
82.85516
83.14014
83.42242
83.70206
83.9791
84.2536
84.52563
84.7952
85.06238
85.32721
85.58972
85.85001
-3.226379
7.336975
13.90836
18.76074
22.63901
25.88513
28.68579
31.15457
33.36597
35.37155
37.20856
38.90482
40.48169
41.9559
43.34088
44.64752
45.88477
47.06015
48.17993
49.24957
50.27362
51.25607
52.20047
53.10983
53.98685
54.83392
55.65317
56.4465
57.21564
57.9621
58.68732
59.39252
60.07889
60.7475
61.39929
62.03516
62.65591
63.26233
63.85513
64.43491
65.00229
65.55786
66.10211
66.63556
67.15863
67.67175
68.17535
68.66977
69.1554
69.63257
70.10156
70.56271
71.0163
71.46252
71.90173
72.33408
72.75986
73.17926
73.59247
73.99969
74.40112
74.79694
75.18729
75.57236
75.9523
76.32724
76.69733
77.06268
77.42346
77.77979
78.13177
78.47952
78.82315
79.16275
79.49844
79.83032
80.15848
80.483
80.80396
81.12146
81.43558
81.74637
82.05396
82.35837
82.6597
82.95801
83.25336
83.54581
83.83542
84.12228
84.4064
84.68787
84.96674
85.24307
85.51688
85.78821
86.05716
86.32373
86.58801
86.85001
-2.735199
7.878845
14.48297
19.36014
23.25858
26.52179
29.3374
31.81952
34.04297
36.05954
37.90671
39.61243
41.19812
42.68063
44.07349
45.38754
46.6319
47.81403
48.94028
50.01608
51.04611
52.0343
52.98425
53.89896
54.78113
55.63321
56.45734
57.2554
58.02911
58.78006
59.50961
60.21906
60.90958
61.58221
62.23795
62.87769
63.50223
64.11237
64.70877
65.29208
65.86298
66.42194
66.96954
67.50629
68.03259
68.54889
69.0556
69.55313
70.04178
70.52191
70.99384
71.45789
71.91428
72.36334
72.8053
73.24039
73.66882
74.09088
74.50668
74.9165
75.3205
75.71881
76.11163
76.49918
76.88153
77.25885
77.63129
77.99902
78.36212
78.7207
79.07495
79.42493
79.77078
80.11258
80.45044
80.78445
81.11472
81.44135
81.76437
82.08392
82.40009
82.71292
83.02249
83.32889
83.63217
83.93243
84.22971
84.52408
84.81558
85.10431
85.39032
85.67365
85.95435
86.23245
86.50806
86.78122
87.05194
87.32028
87.58627
87.85001
-2.245544
8.419281
15.05624
19.95822
23.87686
27.15726
29.98785
32.48331
34.71881
36.74643
38.60379
40.31897
41.91351
43.40439
44.80508
46.12662
47.37805
48.56696
49.69971
50.78174
51.81772
52.81171
53.76718
54.68726
55.57465
56.43173
57.26074
58.06354
58.84186
59.59726
60.33121
61.04492
61.73959
62.41629
63.07599
63.71957
64.34793
64.96176
65.5618
66.14871
66.72308
67.28549
67.83646
68.3765
68.90604
69.42554
69.93539
70.436
70.92767
71.4108
71.88568
72.3526
72.81186
73.26373
73.70847
74.14627
74.57742
75.00214
75.42056
75.83298
76.2395
76.64035
77.03568
77.42566
77.81046
78.19019
78.565
78.93506
79.30048
79.66138
80.01788
80.37012
80.71817
81.06216
81.40219
81.73837
82.07077
82.39951
82.72464
83.04626
83.36444
83.67932
83.99091
84.29929
84.60455
84.90677
85.20596
85.50226
85.79568
86.0863
86.37415
86.65933
86.94186
87.22183
87.49924
87.77417
88.04666
88.31677
88.58453
88.85001
-1.757324
8.958344
15.62814
20.55499
24.49387
27.79144
30.63708
33.14594
35.39352
37.43222
39.29977
41.02444
42.6279
44.12711
45.53571
46.86472
48.12329
49.319
50.45825
51.54651
52.5885
53.58823
54.54929
55.47473
56.36734
57.22949
58.06339
58.87091
59.65387
60.41379
61.1521
61.87009
62.56891
63.24969
63.91336
64.56085
65.19299
65.81058
66.41425
67.00473
67.58261
68.14847
68.70282
69.24615
69.77896
70.30167
70.8147
71.31839
71.81311
72.29922
72.77707
73.24689
73.70901
74.16373
74.61121
75.05179
75.48563
75.91299
76.33408
76.74908
77.15817
77.56155
77.95938
78.35184
78.73907
79.12122
79.49841
79.87085
80.23859
80.60181
80.96057
81.31506
81.66534
82.01154
82.35376
82.69211
83.02664
83.35748
83.68469
84.00842
84.32867
84.64557
84.95917
85.26956
85.57678
85.88095
86.18213
86.48035
86.77567
87.06818
87.35791
87.64496
87.92935
88.21112
88.49036
88.76709
89.04138
89.31326
89.58279
89.85001
-1.270599
9.495972
16.1987
21.15045
25.10962
28.42444
31.28513
33.80737
36.06711
38.11688
39.99469
41.72888
43.34125
44.84885
46.26535
47.60187
48.86758
50.0701
51.21588
52.31039
53.3584
54.36392
55.33057
56.26141
57.15924
58.02646
58.86523
59.67755
60.46515
61.22958
61.97229
62.69455
63.39758
64.08243
64.75009
65.40149
66.03748
66.65875
67.26611
67.8602
68.44159
69.01089
69.56863
70.11533
70.6514
71.17731
71.69348
72.20029
72.69809
73.18723
73.668
74.14075
74.60574
75.06329
75.51358
75.95691
76.39346
76.82352
77.24725
77.66486
78.07651
78.48245
78.88278
79.27771
79.66739
80.05197
80.43158
80.80634
81.17642
81.54196
81.90302
82.25977
82.6123
82.96072
83.30511
83.64563
83.9823
84.31528
84.64462
84.9704
85.29272
85.61166
85.92731
86.23969
86.54892
86.85507
87.15817
87.45831
87.75558
88.04999
88.34161
88.63052
88.91678
89.20041
89.48145
89.76001
90.03607
90.30975
90.58105
90.85001
-0.7853699
10.0322
16.76791
21.7446
25.72409
29.05618
31.93195
34.46765
36.73956
38.80045
40.68854
42.43228
44.05356
45.56955
46.99399
48.33804
49.61093
50.82028
51.9726
53.07339
54.12744
55.13876
56.11102
57.04727
57.95035
58.82263
59.66635
60.48346
61.2757
62.04465
62.79178
63.51834
64.22556
64.91452
65.58618
66.24152
66.88132
67.50635
68.1174
68.71506
69.29999
69.87277
70.4339
70.98392
71.52328
72.05243
72.57178
73.0817
73.58258
74.07474
74.5585
75.03418
75.50208
75.96243
76.41553
76.8616
77.3009
77.73364
78.16003
78.58026
78.99451
79.40298
79.80585
80.20328
80.59543
80.98242
81.36441
81.74158
82.11401
82.48187
82.84525
83.20425
83.55902
83.90967
84.25629
84.59894
84.93781
85.27289
85.60434
85.93222
86.25662
86.57761
86.89529
87.20969
87.52094
87.82904
88.13412
88.43622
88.73541
89.03171
89.32526
89.61603
89.90414
90.18961
90.4725
90.75287
91.03076
91.30621
91.57928
91.85001
-0.3016052
10.56702
17.33572
22.33746
26.33731
29.68671
32.57758
35.12677
37.41086
39.48291
41.38129
43.13458
44.76483
46.28925
47.72168
49.07327
50.35333
51.56952
52.72842
53.83551
54.8956
55.91275
56.89062
57.83234
58.74063
59.61804
60.46671
61.2886
62.08551
62.85901
63.61057
64.34146
65.05289
65.74594
66.42163
67.08087
67.72452
68.35333
68.96808
69.56937
70.15784
70.73407
71.29865
71.85202
72.39468
72.92706
73.44958
73.96265
74.46658
74.96176
75.44852
75.92715
76.39795
76.86118
77.31708
77.76593
78.20798
78.6434
79.07245
79.4953
79.91217
80.32321
80.72861
81.12854
81.52313
81.91257
82.297
82.67654
83.05133
83.42151
83.7872
84.1485
84.50552
84.8584
85.20721
85.55209
85.8931
86.23035
86.5639
86.89389
87.22037
87.54343
87.86313
88.17957
88.4928
88.80292
89.10995
89.414
89.71512
90.01337
90.30881
90.60147
90.89145
91.17877
91.46353
91.7457
92.02542
92.30264
92.57751
92.85001
0.1806946
11.10043
17.90222
22.92899
26.94925
30.31598
33.22202
35.7847
38.08102
40.16425
42.07294
43.83585
45.47507
47.00793
48.44833
49.80753
51.09476
52.31787
53.48334
54.59674
55.66287
56.68591
57.6694
58.61655
59.53015
60.41266
61.26627
62.09299
62.89459
63.67264
64.42862
65.16385
65.87952
66.57669
67.25644
67.91962
68.56714
69.19974
69.81815
70.42307
71.01511
71.59485
72.16284
72.71957
73.26553
73.80118
74.3269
74.84308
75.35013
75.84836
76.3381
76.8197
77.2934
77.75949
78.21823
78.66986
79.11465
79.5528
79.98453
80.41
80.82947
81.2431
81.65103
82.05347
82.45056
82.84244
83.22928
83.61124
83.98837
84.3609
84.72891
85.0925
85.45178
85.80692
86.15793
86.505
86.84821
87.18759
87.52328
87.85538
88.18396
88.50909
88.83084
89.14932
89.46457
89.77667
90.08569
90.39172
90.69476
90.99493
91.2923
91.58685
91.87872
92.16791
92.4545
92.73853
93.02002
93.2991
93.57574
93.85001
0.661499
11.63242
18.46735
23.5192
27.55991
30.94403
33.86526
36.4415
38.75003
40.84448
42.76352
44.53604
46.18427
47.72562
49.17401
50.54077
51.83527
53.06525
54.23734
55.35706
56.42929
57.45819
58.44736
59.39996
60.31885
61.20648
62.06506
62.89664
63.70291
64.48557
65.246
65.98557
66.70547
67.4068
68.09058
68.75772
69.40909
70.0455
70.66763
71.27618
71.8718
72.45505
73.02646
73.58658
74.13586
74.67477
75.2037
75.72305
76.23322
76.7345
77.22726
77.71179
78.18842
78.65738
79.11896
79.57339
80.02094
80.46182
80.89621
81.32437
81.74643
82.16263
82.57312
82.97809
83.37766
83.772
84.16129
84.54562
84.92517
85.30005
85.67035
86.03625
86.39783
86.75519
87.10846
87.45773
87.8031
88.14465
88.48251
88.81671
89.1474
89.47461
89.79843
90.11893
90.43622
90.75034
91.06134
91.36932
91.67432
91.97644
92.2757
92.57217
92.86591
93.15698
93.44543
93.73129
94.01465
94.2955
94.57394
94.85001
1.140839
12.16299
19.0311
24.10809
28.16928
31.57083
34.50729
37.09708
39.41791
41.52359
43.453
45.23517
46.89246
48.44229
49.89871
51.27307
52.5748
53.81171
54.99042
56.11652
57.19485
58.22961
59.22446
60.18256
61.10675
61.99951
62.8631
63.69952
64.51053
65.29776
66.06265
66.80658
67.53073
68.23624
68.92407
69.59518
70.25046
70.89066
71.51651
72.12872
72.72791
73.3147
73.88956
74.45306
75.00568
75.54785
76.08002
76.60254
77.11578
77.62015
78.11594
78.60345
79.08301
79.55484
80.01929
80.47653
80.92685
81.37045
81.80756
82.23834
82.66306
83.08185
83.4949
83.90237
84.30447
84.70129
85.09302
85.47977
85.86169
86.23892
86.61157
86.97977
87.34363
87.70328
88.05878
88.41025
88.75781
89.10156
89.44156
89.77789
90.11069
90.43997
90.76587
91.08844
91.40775
91.72385
92.03687
92.34683
92.65381
92.95786
93.25903
93.55743
93.85306
94.146
94.43631
94.72403
95.00922
95.2919
95.57214
95.85001
1.618683
12.69217
19.59348
24.69568
28.7774
32.19638
35.1481
37.75153
40.08466
42.2016
44.14139
45.93326
47.59955
49.15793
50.62238
52.00439
53.31342
54.55725
55.74258
56.87506
57.9595
59.00018
60.0007
60.96432
61.89383
62.79178
63.66037
64.50165
65.31738
66.10919
66.8786
67.62689
68.35532
69.06497
69.7569
70.43201
71.09116
71.73517
72.36478
72.98068
73.58347
74.17377
74.75211
75.31903
75.87497
76.42044
76.95581
77.48151
77.99792
78.50534
79.00415
79.49466
79.97714
80.4519
80.91919
81.37927
81.83237
82.27869
82.71851
83.15198
83.57932
84.00073
84.41635
84.82639
85.23096
85.63028
86.02444
86.41364
86.79794
87.17755
87.55255
87.92307
88.28922
88.65112
89.00888
89.36258
89.71234
90.05826
90.40042
90.73889
91.07379
91.40518
91.73315
92.05777
92.37912
92.69727
93.0123
93.32422
93.63318
93.93918
94.24231
94.5426
94.84015
95.13498
95.42715
95.71674
96.00375
96.2883
96.57034
96.85001
2.095062
13.21991
20.15451
25.28195
29.38422
32.82071
35.78772
38.40475
40.75024
42.87845
44.8287
46.63025
48.30563
49.87253
51.34509
52.73474
54.05103
55.30185
56.49384
57.63269
58.7233
59.7699
60.77612
61.74524
62.68011
63.58322
64.45685
65.30301
66.12347
66.91992
67.69382
68.44653
69.17923
69.89307
70.58908
71.26819
71.93124
72.5791
73.21246
73.83203
74.43845
75.03229
75.61411
76.18442
76.74374
77.29251
77.83112
78.36002
78.87955
79.39008
79.89194
80.38544
80.87088
81.34854
81.8187
82.28159
82.73749
83.18658
83.62909
84.06525
84.49524
84.91925
85.33746
85.75006
86.15717
86.55896
86.9556
87.3472
87.73392
88.11591
88.49326
88.86612
89.23456
89.59875
89.95877
90.3147
90.66669
91.01477
91.3591
91.69974
92.03674
92.37027
92.70032
93.02701
93.3504
93.67056
93.98761
94.30154
94.61246
94.92044
95.22549
95.52774
95.82718
96.12393
96.41797
96.70941
96.99829
97.28467
97.56854
97.85001
2.569946
13.74625
20.71417
25.86688
29.98978
33.44379
36.42612
39.05682
41.41467
43.55423
45.51489
47.32617
49.01068
50.58615
52.06677
53.46411
54.78772
56.0455
57.24417
58.38943
59.48621
60.53873
61.55069
62.52536
63.46558
64.3739
65.25256
66.10361
66.92883
67.72992
68.50836
69.26544
70.00244
70.72049
71.42059
72.10373
72.77072
73.42242
74.05954
74.6828
75.29285
75.89023
76.47552
77.04929
77.61197
78.16406
78.70593
79.23804
79.76071
80.27435
80.77924
81.27576
81.76416
82.24475
82.7178
83.18353
83.64221
84.09409
84.53934
84.97818
85.41083
85.83746
86.25827
86.6734
87.08304
87.48734
87.88644
88.28049
88.66965
89.05402
89.43375
89.80893
90.17969
90.54617
90.90845
91.26663
91.62082
91.97113
92.31763
92.6604
92.99957
93.33517
93.66733
93.99609
94.32156
94.64377
94.9628
95.27875
95.59167
95.90161
96.20862
96.51279
96.81418
97.11279
97.40875
97.70206
97.9928
98.28101
98.56671
98.85001
3.043335
14.27115
21.27249
26.4505
30.59406
34.06561
37.06332
39.70773
42.07797
44.22885
46.20001
48.02103
49.71466
51.29871
52.78748
54.1925
55.52344
56.78821
57.99359
59.14529
60.24823
61.3067
62.32443
63.30466
64.25024
65.16376
66.04749
66.90344
67.73346
68.53918
69.32214
70.08365
70.82498
71.54724
72.25146
72.9386
73.60956
74.26511
74.90601
75.53299
76.14664
76.74762
77.33643
77.91364
78.47968
79.0351
79.58023
80.11554
80.64139
81.15814
81.66611
82.16565
82.65701
83.14053
83.61646
84.08505
84.54657
85.00119
85.44919
85.89075
86.32605
86.75531
87.17871
87.59644
88.00861
88.41544
88.81702
89.21353
89.6051
89.99185
90.37396
90.7515
91.12457
91.49335
91.85791
92.21832
92.57477
92.92728
93.27594
93.62091
93.96222
94.29996
94.63422
94.96506
95.29257
95.61685
95.93793
96.25586
96.57077
96.88269
97.19168
97.49777
97.80109
98.10162
98.39948
98.69467
98.9873
99.27734
99.56491
99.85001
3.515259
14.79465
21.82941
27.03281
31.19705
34.68622
37.69931
40.35742
42.74008
44.90237
46.88403
48.71481
50.4176
52.01025
53.50714
54.91992
56.25821
57.53
58.7421
59.90024
61.0094
62.07382
63.09732
64.0831
65.03409
65.95282
66.84161
67.70251
68.53732
69.34775
70.13522
70.90118
71.64682
72.37329
73.08167
73.77286
74.44775
75.10718
75.75189
76.38257
76.99988
77.60443
78.19675
78.7774
79.34686
79.90561
80.45401
80.99255
81.52158
82.04144
82.55249
83.05505
83.54944
84.03589
84.51474
84.98618
85.4505
85.90793
86.35867
86.80292
87.24094
87.67285
88.09885
88.51913
88.93387
89.3432
89.74728
90.14627
90.54025
90.92944
91.3139
91.69382
92.06924
92.44031
92.80716
93.16983
93.5285
93.88324
94.2341
94.58124
94.92468
95.26456
95.60092
95.93387
96.26349
96.58978
96.9129
97.23288
97.5498
97.86368
98.17465
98.48273
98.78796
99.09042
99.39017
99.68726
99.98175
100.2737
100.5631
100.85
