 Copyright (C) 1995-2019 - All Rights Reserved
 University Corporation for Atmospheric Research
 NCAR Command Language Version 6.6.2
 The use of this software is governed by a License Agreement.
 See http://www.ncl.ucar.edu/ for more details.
Surface Pressure (hpa), Pressure Level (hPa), Delta Pressure (hPa)
800,1000,9.96921e+36
800,950,9.96921e+36
800,900,9.96921e+36
800,850,9.96921e+36
800,800,25
800,750,50
800,700,50
800,650,50
800,600,50
800,550,50
800,500,50
800,450,50
800,400,50
800,350,50
800,300,50
800,250,50
800,200,37.5
800,175,25
800,150,25
800,125,25
800,100,22.5
800,80,15
800,70,10
800,60,10
800,50,10
800,40,10
800,30,7.5
800,25,5
800,20,2.5
801,1000,9.96921e+36
801,950,9.96921e+36
801,900,9.96921e+36
801,850,9.96921e+36
801,800,26
801,750,50
801,700,50
801,650,50
801,600,50
801,550,50
801,500,50
801,450,50
801,400,50
801,350,50
801,300,50
801,250,50
801,200,37.5
801,175,25
801,150,25
801,125,25
801,100,22.5
801,80,15
801,70,10
801,60,10
801,50,10
801,40,10
801,30,7.5
801,25,5
801,20,2.5
802,1000,9.96921e+36
802,950,9.96921e+36
802,900,9.96921e+36
802,850,9.96921e+36
802,800,27
802,750,50
802,700,50
802,650,50
802,600,50
802,550,50
802,500,50
802,450,50
802,400,50
802,350,50
802,300,50
802,250,50
802,200,37.5
802,175,25
802,150,25
802,125,25
802,100,22.5
802,80,15
802,70,10
802,60,10
802,50,10
802,40,10
802,30,7.5
802,25,5
802,20,2.5
803,1000,9.96921e+36
803,950,9.96921e+36
803,900,9.96921e+36
803,850,9.96921e+36
803,800,28
803,750,50
803,700,50
803,650,50
803,600,50
803,550,50
803,500,50
803,450,50
803,400,50
803,350,50
803,300,50
803,250,50
803,200,37.5
803,175,25
803,150,25
803,125,25
803,100,22.5
803,80,15
803,70,10
803,60,10
803,50,10
803,40,10
803,30,7.5
803,25,5
803,20,2.5
804,1000,9.96921e+36
804,950,9.96921e+36
804,900,9.96921e+36
804,850,9.96921e+36
804,800,29
804,750,50
804,700,50
804,650,50
804,600,50
804,550,50
804,500,50
804,450,50
804,400,50
804,350,50
804,300,50
804,250,50
804,200,37.5
804,175,25
804,150,25
804,125,25
804,100,22.5
804,80,15
804,70,10
804,60,10
804,50,10
804,40,10
804,30,7.5
804,25,5
804,20,2.5
805,1000,9.96921e+36
805,950,9.96921e+36
805,900,9.96921e+36
805,850,9.96921e+36
805,800,30
805,750,50
805,700,50
805,650,50
805,600,50
805,550,50
805,500,50
805,450,50
805,400,50
805,350,50
805,300,50
805,250,50
805,200,37.5
805,175,25
805,150,25
805,125,25
805,100,22.5
805,80,15
805,70,10
805,60,10
805,50,10
805,40,10
805,30,7.5
805,25,5
805,20,2.5
806,1000,9.96921e+36
806,950,9.96921e+36
806,900,9.96921e+36
806,850,9.96921e+36
806,800,31
806,750,50
806,700,50
806,650,50
806,600,50
806,550,50
806,500,50
806,450,50
806,400,50
806,350,50
806,300,50
806,250,50
806,200,37.5
806,175,25
806,150,25
806,125,25
806,100,22.5
806,80,15
806,70,10
806,60,10
806,50,10
806,40,10
806,30,7.5
806,25,5
806,20,2.5
807,1000,9.96921e+36
807,950,9.96921e+36
807,900,9.96921e+36
807,850,9.96921e+36
807,800,32
807,750,50
807,700,50
807,650,50
807,600,50
807,550,50
807,500,50
807,450,50
807,400,50
807,350,50
807,300,50
807,250,50
807,200,37.5
807,175,25
807,150,25
807,125,25
807,100,22.5
807,80,15
807,70,10
807,60,10
807,50,10
807,40,10
807,30,7.5
807,25,5
807,20,2.5
808,1000,9.96921e+36
808,950,9.96921e+36
808,900,9.96921e+36
808,850,9.96921e+36
808,800,33
808,750,50
808,700,50
808,650,50
808,600,50
808,550,50
808,500,50
808,450,50
808,400,50
808,350,50
808,300,50
808,250,50
808,200,37.5
808,175,25
808,150,25
808,125,25
808,100,22.5
808,80,15
808,70,10
808,60,10
808,50,10
808,40,10
808,30,7.5
808,25,5
808,20,2.5
809,1000,9.96921e+36
809,950,9.96921e+36
809,900,9.96921e+36
809,850,9.96921e+36
809,800,34
809,750,50
809,700,50
809,650,50
809,600,50
809,550,50
809,500,50
809,450,50
809,400,50
809,350,50
809,300,50
809,250,50
809,200,37.5
809,175,25
809,150,25
809,125,25
809,100,22.5
809,80,15
809,70,10
809,60,10
809,50,10
809,40,10
809,30,7.5
809,25,5
809,20,2.5
810,1000,9.96921e+36
810,950,9.96921e+36
810,900,9.96921e+36
810,850,9.96921e+36
810,800,35
810,750,50
810,700,50
810,650,50
810,600,50
810,550,50
810,500,50
810,450,50
810,400,50
810,350,50
810,300,50
810,250,50
810,200,37.5
810,175,25
810,150,25
810,125,25
810,100,22.5
810,80,15
810,70,10
810,60,10
810,50,10
810,40,10
810,30,7.5
810,25,5
810,20,2.5
811,1000,9.96921e+36
811,950,9.96921e+36
811,900,9.96921e+36
811,850,9.96921e+36
811,800,36
811,750,50
811,700,50
811,650,50
811,600,50
811,550,50
811,500,50
811,450,50
811,400,50
811,350,50
811,300,50
811,250,50
811,200,37.5
811,175,25
811,150,25
811,125,25
811,100,22.5
811,80,15
811,70,10
811,60,10
811,50,10
811,40,10
811,30,7.5
811,25,5
811,20,2.5
812,1000,9.96921e+36
812,950,9.96921e+36
812,900,9.96921e+36
812,850,9.96921e+36
812,800,37
812,750,50
812,700,50
812,650,50
812,600,50
812,550,50
812,500,50
812,450,50
812,400,50
812,350,50
812,300,50
812,250,50
812,200,37.5
812,175,25
812,150,25
812,125,25
812,100,22.5
812,80,15
812,70,10
812,60,10
812,50,10
812,40,10
812,30,7.5
812,25,5
812,20,2.5
813,1000,9.96921e+36
813,950,9.96921e+36
813,900,9.96921e+36
813,850,9.96921e+36
813,800,38
813,750,50
813,700,50
813,650,50
813,600,50
813,550,50
813,500,50
813,450,50
813,400,50
813,350,50
813,300,50
813,250,50
813,200,37.5
813,175,25
813,150,25
813,125,25
813,100,22.5
813,80,15
813,70,10
813,60,10
813,50,10
813,40,10
813,30,7.5
813,25,5
813,20,2.5
814,1000,9.96921e+36
814,950,9.96921e+36
814,900,9.96921e+36
814,850,9.96921e+36
814,800,39
814,750,50
814,700,50
814,650,50
814,600,50
814,550,50
814,500,50
814,450,50
814,400,50
814,350,50
814,300,50
814,250,50
814,200,37.5
814,175,25
814,150,25
814,125,25
814,100,22.5
814,80,15
814,70,10
814,60,10
814,50,10
814,40,10
814,30,7.5
814,25,5
814,20,2.5
815,1000,9.96921e+36
815,950,9.96921e+36
815,900,9.96921e+36
815,850,9.96921e+36
815,800,40
815,750,50
815,700,50
815,650,50
815,600,50
815,550,50
815,500,50
815,450,50
815,400,50
815,350,50
815,300,50
815,250,50
815,200,37.5
815,175,25
815,150,25
815,125,25
815,100,22.5
815,80,15
815,70,10
815,60,10
815,50,10
815,40,10
815,30,7.5
815,25,5
815,20,2.5
816,1000,9.96921e+36
816,950,9.96921e+36
816,900,9.96921e+36
816,850,9.96921e+36
816,800,41
816,750,50
816,700,50
816,650,50
816,600,50
816,550,50
816,500,50
816,450,50
816,400,50
816,350,50
816,300,50
816,250,50
816,200,37.5
816,175,25
816,150,25
816,125,25
816,100,22.5
816,80,15
816,70,10
816,60,10
816,50,10
816,40,10
816,30,7.5
816,25,5
816,20,2.5
817,1000,9.96921e+36
817,950,9.96921e+36
817,900,9.96921e+36
817,850,9.96921e+36
817,800,42
817,750,50
817,700,50
817,650,50
817,600,50
817,550,50
817,500,50
817,450,50
817,400,50
817,350,50
817,300,50
817,250,50
817,200,37.5
817,175,25
817,150,25
817,125,25
817,100,22.5
817,80,15
817,70,10
817,60,10
817,50,10
817,40,10
817,30,7.5
817,25,5
817,20,2.5
818,1000,9.96921e+36
818,950,9.96921e+36
818,900,9.96921e+36
818,850,9.96921e+36
818,800,43
818,750,50
818,700,50
818,650,50
818,600,50
818,550,50
818,500,50
818,450,50
818,400,50
818,350,50
818,300,50
818,250,50
818,200,37.5
818,175,25
818,150,25
818,125,25
818,100,22.5
818,80,15
818,70,10
818,60,10
818,50,10
818,40,10
818,30,7.5
818,25,5
818,20,2.5
819,1000,9.96921e+36
819,950,9.96921e+36
819,900,9.96921e+36
819,850,9.96921e+36
819,800,44
819,750,50
819,700,50
819,650,50
819,600,50
819,550,50
819,500,50
819,450,50
819,400,50
819,350,50
819,300,50
819,250,50
819,200,37.5
819,175,25
819,150,25
819,125,25
819,100,22.5
819,80,15
819,70,10
819,60,10
819,50,10
819,40,10
819,30,7.5
819,25,5
819,20,2.5
820,1000,9.96921e+36
820,950,9.96921e+36
820,900,9.96921e+36
820,850,9.96921e+36
820,800,45
820,750,50
820,700,50
820,650,50
820,600,50
820,550,50
820,500,50
820,450,50
820,400,50
820,350,50
820,300,50
820,250,50
820,200,37.5
820,175,25
820,150,25
820,125,25
820,100,22.5
820,80,15
820,70,10
820,60,10
820,50,10
820,40,10
820,30,7.5
820,25,5
820,20,2.5
821,1000,9.96921e+36
821,950,9.96921e+36
821,900,9.96921e+36
821,850,9.96921e+36
821,800,46
821,750,50
821,700,50
821,650,50
821,600,50
821,550,50
821,500,50
821,450,50
821,400,50
821,350,50
821,300,50
821,250,50
821,200,37.5
821,175,25
821,150,25
821,125,25
821,100,22.5
821,80,15
821,70,10
821,60,10
821,50,10
821,40,10
821,30,7.5
821,25,5
821,20,2.5
822,1000,9.96921e+36
822,950,9.96921e+36
822,900,9.96921e+36
822,850,9.96921e+36
822,800,47
822,750,50
822,700,50
822,650,50
822,600,50
822,550,50
822,500,50
822,450,50
822,400,50
822,350,50
822,300,50
822,250,50
822,200,37.5
822,175,25
822,150,25
822,125,25
822,100,22.5
822,80,15
822,70,10
822,60,10
822,50,10
822,40,10
822,30,7.5
822,25,5
822,20,2.5
823,1000,9.96921e+36
823,950,9.96921e+36
823,900,9.96921e+36
823,850,9.96921e+36
823,800,48
823,750,50
823,700,50
823,650,50
823,600,50
823,550,50
823,500,50
823,450,50
823,400,50
823,350,50
823,300,50
823,250,50
823,200,37.5
823,175,25
823,150,25
823,125,25
823,100,22.5
823,80,15
823,70,10
823,60,10
823,50,10
823,40,10
823,30,7.5
823,25,5
823,20,2.5
824,1000,9.96921e+36
824,950,9.96921e+36
824,900,9.96921e+36
824,850,9.96921e+36
824,800,49
824,750,50
824,700,50
824,650,50
824,600,50
824,550,50
824,500,50
824,450,50
824,400,50
824,350,50
824,300,50
824,250,50
824,200,37.5
824,175,25
824,150,25
824,125,25
824,100,22.5
824,80,15
824,70,10
824,60,10
824,50,10
824,40,10
824,30,7.5
824,25,5
824,20,2.5
825,1000,9.96921e+36
825,950,9.96921e+36
825,900,9.96921e+36
825,850,0
825,800,50
825,750,50
825,700,50
825,650,50
825,600,50
825,550,50
825,500,50
825,450,50
825,400,50
825,350,50
825,300,50
825,250,50
825,200,37.5
825,175,25
825,150,25
825,125,25
825,100,22.5
825,80,15
825,70,10
825,60,10
825,50,10
825,40,10
825,30,7.5
825,25,5
825,20,2.5
826,1000,9.96921e+36
826,950,9.96921e+36
826,900,9.96921e+36
826,850,1
826,800,50
826,750,50
826,700,50
826,650,50
826,600,50
826,550,50
826,500,50
826,450,50
826,400,50
826,350,50
826,300,50
826,250,50
826,200,37.5
826,175,25
826,150,25
826,125,25
826,100,22.5
826,80,15
826,70,10
826,60,10
826,50,10
826,40,10
826,30,7.5
826,25,5
826,20,2.5
827,1000,9.96921e+36
827,950,9.96921e+36
827,900,9.96921e+36
827,850,2
827,800,50
827,750,50
827,700,50
827,650,50
827,600,50
827,550,50
827,500,50
827,450,50
827,400,50
827,350,50
827,300,50
827,250,50
827,200,37.5
827,175,25
827,150,25
827,125,25
827,100,22.5
827,80,15
827,70,10
827,60,10
827,50,10
827,40,10
827,30,7.5
827,25,5
827,20,2.5
828,1000,9.96921e+36
828,950,9.96921e+36
828,900,9.96921e+36
828,850,3
828,800,50
828,750,50
828,700,50
828,650,50
828,600,50
828,550,50
828,500,50
828,450,50
828,400,50
828,350,50
828,300,50
828,250,50
828,200,37.5
828,175,25
828,150,25
828,125,25
828,100,22.5
828,80,15
828,70,10
828,60,10
828,50,10
828,40,10
828,30,7.5
828,25,5
828,20,2.5
829,1000,9.96921e+36
829,950,9.96921e+36
829,900,9.96921e+36
829,850,4
829,800,50
829,750,50
829,700,50
829,650,50
829,600,50
829,550,50
829,500,50
829,450,50
829,400,50
829,350,50
829,300,50
829,250,50
829,200,37.5
829,175,25
829,150,25
829,125,25
829,100,22.5
829,80,15
829,70,10
829,60,10
829,50,10
829,40,10
829,30,7.5
829,25,5
829,20,2.5
830,1000,9.96921e+36
830,950,9.96921e+36
830,900,9.96921e+36
830,850,5
830,800,50
830,750,50
830,700,50
830,650,50
830,600,50
830,550,50
830,500,50
830,450,50
830,400,50
830,350,50
830,300,50
830,250,50
830,200,37.5
830,175,25
830,150,25
830,125,25
830,100,22.5
830,80,15
830,70,10
830,60,10
830,50,10
830,40,10
830,30,7.5
830,25,5
830,20,2.5
831,1000,9.96921e+36
831,950,9.96921e+36
831,900,9.96921e+36
831,850,6
831,800,50
831,750,50
831,700,50
831,650,50
831,600,50
831,550,50
831,500,50
831,450,50
831,400,50
831,350,50
831,300,50
831,250,50
831,200,37.5
831,175,25
831,150,25
831,125,25
831,100,22.5
831,80,15
831,70,10
831,60,10
831,50,10
831,40,10
831,30,7.5
831,25,5
831,20,2.5
832,1000,9.96921e+36
832,950,9.96921e+36
832,900,9.96921e+36
832,850,7
832,800,50
832,750,50
832,700,50
832,650,50
832,600,50
832,550,50
832,500,50
832,450,50
832,400,50
832,350,50
832,300,50
832,250,50
832,200,37.5
832,175,25
832,150,25
832,125,25
832,100,22.5
832,80,15
832,70,10
832,60,10
832,50,10
832,40,10
832,30,7.5
832,25,5
832,20,2.5
833,1000,9.96921e+36
833,950,9.96921e+36
833,900,9.96921e+36
833,850,8
833,800,50
833,750,50
833,700,50
833,650,50
833,600,50
833,550,50
833,500,50
833,450,50
833,400,50
833,350,50
833,300,50
833,250,50
833,200,37.5
833,175,25
833,150,25
833,125,25
833,100,22.5
833,80,15
833,70,10
833,60,10
833,50,10
833,40,10
833,30,7.5
833,25,5
833,20,2.5
834,1000,9.96921e+36
834,950,9.96921e+36
834,900,9.96921e+36
834,850,9
834,800,50
834,750,50
834,700,50
834,650,50
834,600,50
834,550,50
834,500,50
834,450,50
834,400,50
834,350,50
834,300,50
834,250,50
834,200,37.5
834,175,25
834,150,25
834,125,25
834,100,22.5
834,80,15
834,70,10
834,60,10
834,50,10
834,40,10
834,30,7.5
834,25,5
834,20,2.5
835,1000,9.96921e+36
835,950,9.96921e+36
835,900,9.96921e+36
835,850,10
835,800,50
835,750,50
835,700,50
835,650,50
835,600,50
835,550,50
835,500,50
835,450,50
835,400,50
835,350,50
835,300,50
835,250,50
835,200,37.5
835,175,25
835,150,25
835,125,25
835,100,22.5
835,80,15
835,70,10
835,60,10
835,50,10
835,40,10
835,30,7.5
835,25,5
835,20,2.5
836,1000,9.96921e+36
836,950,9.96921e+36
836,900,9.96921e+36
836,850,11
836,800,50
836,750,50
836,700,50
836,650,50
836,600,50
836,550,50
836,500,50
836,450,50
836,400,50
836,350,50
836,300,50
836,250,50
836,200,37.5
836,175,25
836,150,25
836,125,25
836,100,22.5
836,80,15
836,70,10
836,60,10
836,50,10
836,40,10
836,30,7.5
836,25,5
836,20,2.5
837,1000,9.96921e+36
837,950,9.96921e+36
837,900,9.96921e+36
837,850,12
837,800,50
837,750,50
837,700,50
837,650,50
837,600,50
837,550,50
837,500,50
837,450,50
837,400,50
837,350,50
837,300,50
837,250,50
837,200,37.5
837,175,25
837,150,25
837,125,25
837,100,22.5
837,80,15
837,70,10
837,60,10
837,50,10
837,40,10
837,30,7.5
837,25,5
837,20,2.5
838,1000,9.96921e+36
838,950,9.96921e+36
838,900,9.96921e+36
838,850,13
838,800,50
838,750,50
838,700,50
838,650,50
838,600,50
838,550,50
838,500,50
838,450,50
838,400,50
838,350,50
838,300,50
838,250,50
838,200,37.5
838,175,25
838,150,25
838,125,25
838,100,22.5
838,80,15
838,70,10
838,60,10
838,50,10
838,40,10
838,30,7.5
838,25,5
838,20,2.5
839,1000,9.96921e+36
839,950,9.96921e+36
839,900,9.96921e+36
839,850,14
839,800,50
839,750,50
839,700,50
839,650,50
839,600,50
839,550,50
839,500,50
839,450,50
839,400,50
839,350,50
839,300,50
839,250,50
839,200,37.5
839,175,25
839,150,25
839,125,25
839,100,22.5
839,80,15
839,70,10
839,60,10
839,50,10
839,40,10
839,30,7.5
839,25,5
839,20,2.5
840,1000,9.96921e+36
840,950,9.96921e+36
840,900,9.96921e+36
840,850,15
840,800,50
840,750,50
840,700,50
840,650,50
840,600,50
840,550,50
840,500,50
840,450,50
840,400,50
840,350,50
840,300,50
840,250,50
840,200,37.5
840,175,25
840,150,25
840,125,25
840,100,22.5
840,80,15
840,70,10
840,60,10
840,50,10
840,40,10
840,30,7.5
840,25,5
840,20,2.5
841,1000,9.96921e+36
841,950,9.96921e+36
841,900,9.96921e+36
841,850,16
841,800,50
841,750,50
841,700,50
841,650,50
841,600,50
841,550,50
841,500,50
841,450,50
841,400,50
841,350,50
841,300,50
841,250,50
841,200,37.5
841,175,25
841,150,25
841,125,25
841,100,22.5
841,80,15
841,70,10
841,60,10
841,50,10
841,40,10
841,30,7.5
841,25,5
841,20,2.5
842,1000,9.96921e+36
842,950,9.96921e+36
842,900,9.96921e+36
842,850,17
842,800,50
842,750,50
842,700,50
842,650,50
842,600,50
842,550,50
842,500,50
842,450,50
842,400,50
842,350,50
842,300,50
842,250,50
842,200,37.5
842,175,25
842,150,25
842,125,25
842,100,22.5
842,80,15
842,70,10
842,60,10
842,50,10
842,40,10
842,30,7.5
842,25,5
842,20,2.5
843,1000,9.96921e+36
843,950,9.96921e+36
843,900,9.96921e+36
843,850,18
843,800,50
843,750,50
843,700,50
843,650,50
843,600,50
843,550,50
843,500,50
843,450,50
843,400,50
843,350,50
843,300,50
843,250,50
843,200,37.5
843,175,25
843,150,25
843,125,25
843,100,22.5
843,80,15
843,70,10
843,60,10
843,50,10
843,40,10
843,30,7.5
843,25,5
843,20,2.5
844,1000,9.96921e+36
844,950,9.96921e+36
844,900,9.96921e+36
844,850,19
844,800,50
844,750,50
844,700,50
844,650,50
844,600,50
844,550,50
844,500,50
844,450,50
844,400,50
844,350,50
844,300,50
844,250,50
844,200,37.5
844,175,25
844,150,25
844,125,25
844,100,22.5
844,80,15
844,70,10
844,60,10
844,50,10
844,40,10
844,30,7.5
844,25,5
844,20,2.5
845,1000,9.96921e+36
845,950,9.96921e+36
845,900,9.96921e+36
845,850,20
845,800,50
845,750,50
845,700,50
845,650,50
845,600,50
845,550,50
845,500,50
845,450,50
845,400,50
845,350,50
845,300,50
845,250,50
845,200,37.5
845,175,25
845,150,25
845,125,25
845,100,22.5
845,80,15
845,70,10
845,60,10
845,50,10
845,40,10
845,30,7.5
845,25,5
845,20,2.5
846,1000,9.96921e+36
846,950,9.96921e+36
846,900,9.96921e+36
846,850,21
846,800,50
846,750,50
846,700,50
846,650,50
846,600,50
846,550,50
846,500,50
846,450,50
846,400,50
846,350,50
846,300,50
846,250,50
846,200,37.5
846,175,25
846,150,25
846,125,25
846,100,22.5
846,80,15
846,70,10
846,60,10
846,50,10
846,40,10
846,30,7.5
846,25,5
846,20,2.5
847,1000,9.96921e+36
847,950,9.96921e+36
847,900,9.96921e+36
847,850,22
847,800,50
847,750,50
847,700,50
847,650,50
847,600,50
847,550,50
847,500,50
847,450,50
847,400,50
847,350,50
847,300,50
847,250,50
847,200,37.5
847,175,25
847,150,25
847,125,25
847,100,22.5
847,80,15
847,70,10
847,60,10
847,50,10
847,40,10
847,30,7.5
847,25,5
847,20,2.5
848,1000,9.96921e+36
848,950,9.96921e+36
848,900,9.96921e+36
848,850,23
848,800,50
848,750,50
848,700,50
848,650,50
848,600,50
848,550,50
848,500,50
848,450,50
848,400,50
848,350,50
848,300,50
848,250,50
848,200,37.5
848,175,25
848,150,25
848,125,25
848,100,22.5
848,80,15
848,70,10
848,60,10
848,50,10
848,40,10
848,30,7.5
848,25,5
848,20,2.5
849,1000,9.96921e+36
849,950,9.96921e+36
849,900,9.96921e+36
849,850,24
849,800,50
849,750,50
849,700,50
849,650,50
849,600,50
849,550,50
849,500,50
849,450,50
849,400,50
849,350,50
849,300,50
849,250,50
849,200,37.5
849,175,25
849,150,25
849,125,25
849,100,22.5
849,80,15
849,70,10
849,60,10
849,50,10
849,40,10
849,30,7.5
849,25,5
849,20,2.5
850,1000,9.96921e+36
850,950,9.96921e+36
850,900,9.96921e+36
850,850,25
850,800,50
850,750,50
850,700,50
850,650,50
850,600,50
850,550,50
850,500,50
850,450,50
850,400,50
850,350,50
850,300,50
850,250,50
850,200,37.5
850,175,25
850,150,25
850,125,25
850,100,22.5
850,80,15
850,70,10
850,60,10
850,50,10
850,40,10
850,30,7.5
850,25,5
850,20,2.5
851,1000,9.96921e+36
851,950,9.96921e+36
851,900,9.96921e+36
851,850,26
851,800,50
851,750,50
851,700,50
851,650,50
851,600,50
851,550,50
851,500,50
851,450,50
851,400,50
851,350,50
851,300,50
851,250,50
851,200,37.5
851,175,25
851,150,25
851,125,25
851,100,22.5
851,80,15
851,70,10
851,60,10
851,50,10
851,40,10
851,30,7.5
851,25,5
851,20,2.5
852,1000,9.96921e+36
852,950,9.96921e+36
852,900,9.96921e+36
852,850,27
852,800,50
852,750,50
852,700,50
852,650,50
852,600,50
852,550,50
852,500,50
852,450,50
852,400,50
852,350,50
852,300,50
852,250,50
852,200,37.5
852,175,25
852,150,25
852,125,25
852,100,22.5
852,80,15
852,70,10
852,60,10
852,50,10
852,40,10
852,30,7.5
852,25,5
852,20,2.5
853,1000,9.96921e+36
853,950,9.96921e+36
853,900,9.96921e+36
853,850,28
853,800,50
853,750,50
853,700,50
853,650,50
853,600,50
853,550,50
853,500,50
853,450,50
853,400,50
853,350,50
853,300,50
853,250,50
853,200,37.5
853,175,25
853,150,25
853,125,25
853,100,22.5
853,80,15
853,70,10
853,60,10
853,50,10
853,40,10
853,30,7.5
853,25,5
853,20,2.5
854,1000,9.96921e+36
854,950,9.96921e+36
854,900,9.96921e+36
854,850,29
854,800,50
854,750,50
854,700,50
854,650,50
854,600,50
854,550,50
854,500,50
854,450,50
854,400,50
854,350,50
854,300,50
854,250,50
854,200,37.5
854,175,25
854,150,25
854,125,25
854,100,22.5
854,80,15
854,70,10
854,60,10
854,50,10
854,40,10
854,30,7.5
854,25,5
854,20,2.5
855,1000,9.96921e+36
855,950,9.96921e+36
855,900,9.96921e+36
855,850,30
855,800,50
855,750,50
855,700,50
855,650,50
855,600,50
855,550,50
855,500,50
855,450,50
855,400,50
855,350,50
855,300,50
855,250,50
855,200,37.5
855,175,25
855,150,25
855,125,25
855,100,22.5
855,80,15
855,70,10
855,60,10
855,50,10
855,40,10
855,30,7.5
855,25,5
855,20,2.5
856,1000,9.96921e+36
856,950,9.96921e+36
856,900,9.96921e+36
856,850,31
856,800,50
856,750,50
856,700,50
856,650,50
856,600,50
856,550,50
856,500,50
856,450,50
856,400,50
856,350,50
856,300,50
856,250,50
856,200,37.5
856,175,25
856,150,25
856,125,25
856,100,22.5
856,80,15
856,70,10
856,60,10
856,50,10
856,40,10
856,30,7.5
856,25,5
856,20,2.5
857,1000,9.96921e+36
857,950,9.96921e+36
857,900,9.96921e+36
857,850,32
857,800,50
857,750,50
857,700,50
857,650,50
857,600,50
857,550,50
857,500,50
857,450,50
857,400,50
857,350,50
857,300,50
857,250,50
857,200,37.5
857,175,25
857,150,25
857,125,25
857,100,22.5
857,80,15
857,70,10
857,60,10
857,50,10
857,40,10
857,30,7.5
857,25,5
857,20,2.5
858,1000,9.96921e+36
858,950,9.96921e+36
858,900,9.96921e+36
858,850,33
858,800,50
858,750,50
858,700,50
858,650,50
858,600,50
858,550,50
858,500,50
858,450,50
858,400,50
858,350,50
858,300,50
858,250,50
858,200,37.5
858,175,25
858,150,25
858,125,25
858,100,22.5
858,80,15
858,70,10
858,60,10
858,50,10
858,40,10
858,30,7.5
858,25,5
858,20,2.5
859,1000,9.96921e+36
859,950,9.96921e+36
859,900,9.96921e+36
859,850,34
859,800,50
859,750,50
859,700,50
859,650,50
859,600,50
859,550,50
859,500,50
859,450,50
859,400,50
859,350,50
859,300,50
859,250,50
859,200,37.5
859,175,25
859,150,25
859,125,25
859,100,22.5
859,80,15
859,70,10
859,60,10
859,50,10
859,40,10
859,30,7.5
859,25,5
859,20,2.5
860,1000,9.96921e+36
860,950,9.96921e+36
860,900,9.96921e+36
860,850,35
860,800,50
860,750,50
860,700,50
860,650,50
860,600,50
860,550,50
860,500,50
860,450,50
860,400,50
860,350,50
860,300,50
860,250,50
860,200,37.5
860,175,25
860,150,25
860,125,25
860,100,22.5
860,80,15
860,70,10
860,60,10
860,50,10
860,40,10
860,30,7.5
860,25,5
860,20,2.5
861,1000,9.96921e+36
861,950,9.96921e+36
861,900,9.96921e+36
861,850,36
861,800,50
861,750,50
861,700,50
861,650,50
861,600,50
861,550,50
861,500,50
861,450,50
861,400,50
861,350,50
861,300,50
861,250,50
861,200,37.5
861,175,25
861,150,25
861,125,25
861,100,22.5
861,80,15
861,70,10
861,60,10
861,50,10
861,40,10
861,30,7.5
861,25,5
861,20,2.5
862,1000,9.96921e+36
862,950,9.96921e+36
862,900,9.96921e+36
862,850,37
862,800,50
862,750,50
862,700,50
862,650,50
862,600,50
862,550,50
862,500,50
862,450,50
862,400,50
862,350,50
862,300,50
862,250,50
862,200,37.5
862,175,25
862,150,25
862,125,25
862,100,22.5
862,80,15
862,70,10
862,60,10
862,50,10
862,40,10
862,30,7.5
862,25,5
862,20,2.5
863,1000,9.96921e+36
863,950,9.96921e+36
863,900,9.96921e+36
863,850,38
863,800,50
863,750,50
863,700,50
863,650,50
863,600,50
863,550,50
863,500,50
863,450,50
863,400,50
863,350,50
863,300,50
863,250,50
863,200,37.5
863,175,25
863,150,25
863,125,25
863,100,22.5
863,80,15
863,70,10
863,60,10
863,50,10
863,40,10
863,30,7.5
863,25,5
863,20,2.5
864,1000,9.96921e+36
864,950,9.96921e+36
864,900,9.96921e+36
864,850,39
864,800,50
864,750,50
864,700,50
864,650,50
864,600,50
864,550,50
864,500,50
864,450,50
864,400,50
864,350,50
864,300,50
864,250,50
864,200,37.5
864,175,25
864,150,25
864,125,25
864,100,22.5
864,80,15
864,70,10
864,60,10
864,50,10
864,40,10
864,30,7.5
864,25,5
864,20,2.5
865,1000,9.96921e+36
865,950,9.96921e+36
865,900,9.96921e+36
865,850,40
865,800,50
865,750,50
865,700,50
865,650,50
865,600,50
865,550,50
865,500,50
865,450,50
865,400,50
865,350,50
865,300,50
865,250,50
865,200,37.5
865,175,25
865,150,25
865,125,25
865,100,22.5
865,80,15
865,70,10
865,60,10
865,50,10
865,40,10
865,30,7.5
865,25,5
865,20,2.5
866,1000,9.96921e+36
866,950,9.96921e+36
866,900,9.96921e+36
866,850,41
866,800,50
866,750,50
866,700,50
866,650,50
866,600,50
866,550,50
866,500,50
866,450,50
866,400,50
866,350,50
866,300,50
866,250,50
866,200,37.5
866,175,25
866,150,25
866,125,25
866,100,22.5
866,80,15
866,70,10
866,60,10
866,50,10
866,40,10
866,30,7.5
866,25,5
866,20,2.5
867,1000,9.96921e+36
867,950,9.96921e+36
867,900,9.96921e+36
867,850,42
867,800,50
867,750,50
867,700,50
867,650,50
867,600,50
867,550,50
867,500,50
867,450,50
867,400,50
867,350,50
867,300,50
867,250,50
867,200,37.5
867,175,25
867,150,25
867,125,25
867,100,22.5
867,80,15
867,70,10
867,60,10
867,50,10
867,40,10
867,30,7.5
867,25,5
867,20,2.5
868,1000,9.96921e+36
868,950,9.96921e+36
868,900,9.96921e+36
868,850,43
868,800,50
868,750,50
868,700,50
868,650,50
868,600,50
868,550,50
868,500,50
868,450,50
868,400,50
868,350,50
868,300,50
868,250,50
868,200,37.5
868,175,25
868,150,25
868,125,25
868,100,22.5
868,80,15
868,70,10
868,60,10
868,50,10
868,40,10
868,30,7.5
868,25,5
868,20,2.5
869,1000,9.96921e+36
869,950,9.96921e+36
869,900,9.96921e+36
869,850,44
869,800,50
869,750,50
869,700,50
869,650,50
869,600,50
869,550,50
869,500,50
869,450,50
869,400,50
869,350,50
869,300,50
869,250,50
869,200,37.5
869,175,25
869,150,25
869,125,25
869,100,22.5
869,80,15
869,70,10
869,60,10
869,50,10
869,40,10
869,30,7.5
869,25,5
869,20,2.5
870,1000,9.96921e+36
870,950,9.96921e+36
870,900,9.96921e+36
870,850,45
870,800,50
870,750,50
870,700,50
870,650,50
870,600,50
870,550,50
870,500,50
870,450,50
870,400,50
870,350,50
870,300,50
870,250,50
870,200,37.5
870,175,25
870,150,25
870,125,25
870,100,22.5
870,80,15
870,70,10
870,60,10
870,50,10
870,40,10
870,30,7.5
870,25,5
870,20,2.5
871,1000,9.96921e+36
871,950,9.96921e+36
871,900,9.96921e+36
871,850,46
871,800,50
871,750,50
871,700,50
871,650,50
871,600,50
871,550,50
871,500,50
871,450,50
871,400,50
871,350,50
871,300,50
871,250,50
871,200,37.5
871,175,25
871,150,25
871,125,25
871,100,22.5
871,80,15
871,70,10
871,60,10
871,50,10
871,40,10
871,30,7.5
871,25,5
871,20,2.5
872,1000,9.96921e+36
872,950,9.96921e+36
872,900,9.96921e+36
872,850,47
872,800,50
872,750,50
872,700,50
872,650,50
872,600,50
872,550,50
872,500,50
872,450,50
872,400,50
872,350,50
872,300,50
872,250,50
872,200,37.5
872,175,25
872,150,25
872,125,25
872,100,22.5
872,80,15
872,70,10
872,60,10
872,50,10
872,40,10
872,30,7.5
872,25,5
872,20,2.5
873,1000,9.96921e+36
873,950,9.96921e+36
873,900,9.96921e+36
873,850,48
873,800,50
873,750,50
873,700,50
873,650,50
873,600,50
873,550,50
873,500,50
873,450,50
873,400,50
873,350,50
873,300,50
873,250,50
873,200,37.5
873,175,25
873,150,25
873,125,25
873,100,22.5
873,80,15
873,70,10
873,60,10
873,50,10
873,40,10
873,30,7.5
873,25,5
873,20,2.5
874,1000,9.96921e+36
874,950,9.96921e+36
874,900,9.96921e+36
874,850,49
874,800,50
874,750,50
874,700,50
874,650,50
874,600,50
874,550,50
874,500,50
874,450,50
874,400,50
874,350,50
874,300,50
874,250,50
874,200,37.5
874,175,25
874,150,25
874,125,25
874,100,22.5
874,80,15
874,70,10
874,60,10
874,50,10
874,40,10
874,30,7.5
874,25,5
874,20,2.5
875,1000,9.96921e+36
875,950,9.96921e+36
875,900,0
875,850,50
875,800,50
875,750,50
875,700,50
875,650,50
875,600,50
875,550,50
875,500,50
875,450,50
875,400,50
875,350,50
875,300,50
875,250,50
875,200,37.5
875,175,25
875,150,25
875,125,25
875,100,22.5
875,80,15
875,70,10
875,60,10
875,50,10
875,40,10
875,30,7.5
875,25,5
875,20,2.5
876,1000,9.96921e+36
876,950,9.96921e+36
876,900,1
876,850,50
876,800,50
876,750,50
876,700,50
876,650,50
876,600,50
876,550,50
876,500,50
876,450,50
876,400,50
876,350,50
876,300,50
876,250,50
876,200,37.5
876,175,25
876,150,25
876,125,25
876,100,22.5
876,80,15
876,70,10
876,60,10
876,50,10
876,40,10
876,30,7.5
876,25,5
876,20,2.5
877,1000,9.96921e+36
877,950,9.96921e+36
877,900,2
877,850,50
877,800,50
877,750,50
877,700,50
877,650,50
877,600,50
877,550,50
877,500,50
877,450,50
877,400,50
877,350,50
877,300,50
877,250,50
877,200,37.5
877,175,25
877,150,25
877,125,25
877,100,22.5
877,80,15
877,70,10
877,60,10
877,50,10
877,40,10
877,30,7.5
877,25,5
877,20,2.5
878,1000,9.96921e+36
878,950,9.96921e+36
878,900,3
878,850,50
878,800,50
878,750,50
878,700,50
878,650,50
878,600,50
878,550,50
878,500,50
878,450,50
878,400,50
878,350,50
878,300,50
878,250,50
878,200,37.5
878,175,25
878,150,25
878,125,25
878,100,22.5
878,80,15
878,70,10
878,60,10
878,50,10
878,40,10
878,30,7.5
878,25,5
878,20,2.5
879,1000,9.96921e+36
879,950,9.96921e+36
879,900,4
879,850,50
879,800,50
879,750,50
879,700,50
879,650,50
879,600,50
879,550,50
879,500,50
879,450,50
879,400,50
879,350,50
879,300,50
879,250,50
879,200,37.5
879,175,25
879,150,25
879,125,25
879,100,22.5
879,80,15
879,70,10
879,60,10
879,50,10
879,40,10
879,30,7.5
879,25,5
879,20,2.5
880,1000,9.96921e+36
880,950,9.96921e+36
880,900,5
880,850,50
880,800,50
880,750,50
880,700,50
880,650,50
880,600,50
880,550,50
880,500,50
880,450,50
880,400,50
880,350,50
880,300,50
880,250,50
880,200,37.5
880,175,25
880,150,25
880,125,25
880,100,22.5
880,80,15
880,70,10
880,60,10
880,50,10
880,40,10
880,30,7.5
880,25,5
880,20,2.5
881,1000,9.96921e+36
881,950,9.96921e+36
881,900,6
881,850,50
881,800,50
881,750,50
881,700,50
881,650,50
881,600,50
881,550,50
881,500,50
881,450,50
881,400,50
881,350,50
881,300,50
881,250,50
881,200,37.5
881,175,25
881,150,25
881,125,25
881,100,22.5
881,80,15
881,70,10
881,60,10
881,50,10
881,40,10
881,30,7.5
881,25,5
881,20,2.5
882,1000,9.96921e+36
882,950,9.96921e+36
882,900,7
882,850,50
882,800,50
882,750,50
882,700,50
882,650,50
882,600,50
882,550,50
882,500,50
882,450,50
882,400,50
882,350,50
882,300,50
882,250,50
882,200,37.5
882,175,25
882,150,25
882,125,25
882,100,22.5
882,80,15
882,70,10
882,60,10
882,50,10
882,40,10
882,30,7.5
882,25,5
882,20,2.5
883,1000,9.96921e+36
883,950,9.96921e+36
883,900,8
883,850,50
883,800,50
883,750,50
883,700,50
883,650,50
883,600,50
883,550,50
883,500,50
883,450,50
883,400,50
883,350,50
883,300,50
883,250,50
883,200,37.5
883,175,25
883,150,25
883,125,25
883,100,22.5
883,80,15
883,70,10
883,60,10
883,50,10
883,40,10
883,30,7.5
883,25,5
883,20,2.5
884,1000,9.96921e+36
884,950,9.96921e+36
884,900,9
884,850,50
884,800,50
884,750,50
884,700,50
884,650,50
884,600,50
884,550,50
884,500,50
884,450,50
884,400,50
884,350,50
884,300,50
884,250,50
884,200,37.5
884,175,25
884,150,25
884,125,25
884,100,22.5
884,80,15
884,70,10
884,60,10
884,50,10
884,40,10
884,30,7.5
884,25,5
884,20,2.5
885,1000,9.96921e+36
885,950,9.96921e+36
885,900,10
885,850,50
885,800,50
885,750,50
885,700,50
885,650,50
885,600,50
885,550,50
885,500,50
885,450,50
885,400,50
885,350,50
885,300,50
885,250,50
885,200,37.5
885,175,25
885,150,25
885,125,25
885,100,22.5
885,80,15
885,70,10
885,60,10
885,50,10
885,40,10
885,30,7.5
885,25,5
885,20,2.5
886,1000,9.96921e+36
886,950,9.96921e+36
886,900,11
886,850,50
886,800,50
886,750,50
886,700,50
886,650,50
886,600,50
886,550,50
886,500,50
886,450,50
886,400,50
886,350,50
886,300,50
886,250,50
886,200,37.5
886,175,25
886,150,25
886,125,25
886,100,22.5
886,80,15
886,70,10
886,60,10
886,50,10
886,40,10
886,30,7.5
886,25,5
886,20,2.5
887,1000,9.96921e+36
887,950,9.96921e+36
887,900,12
887,850,50
887,800,50
887,750,50
887,700,50
887,650,50
887,600,50
887,550,50
887,500,50
887,450,50
887,400,50
887,350,50
887,300,50
887,250,50
887,200,37.5
887,175,25
887,150,25
887,125,25
887,100,22.5
887,80,15
887,70,10
887,60,10
887,50,10
887,40,10
887,30,7.5
887,25,5
887,20,2.5
888,1000,9.96921e+36
888,950,9.96921e+36
888,900,13
888,850,50
888,800,50
888,750,50
888,700,50
888,650,50
888,600,50
888,550,50
888,500,50
888,450,50
888,400,50
888,350,50
888,300,50
888,250,50
888,200,37.5
888,175,25
888,150,25
888,125,25
888,100,22.5
888,80,15
888,70,10
888,60,10
888,50,10
888,40,10
888,30,7.5
888,25,5
888,20,2.5
889,1000,9.96921e+36
889,950,9.96921e+36
889,900,14
889,850,50
889,800,50
889,750,50
889,700,50
889,650,50
889,600,50
889,550,50
889,500,50
889,450,50
889,400,50
889,350,50
889,300,50
889,250,50
889,200,37.5
889,175,25
889,150,25
889,125,25
889,100,22.5
889,80,15
889,70,10
889,60,10
889,50,10
889,40,10
889,30,7.5
889,25,5
889,20,2.5
890,1000,9.96921e+36
890,950,9.96921e+36
890,900,15
890,850,50
890,800,50
890,750,50
890,700,50
890,650,50
890,600,50
890,550,50
890,500,50
890,450,50
890,400,50
890,350,50
890,300,50
890,250,50
890,200,37.5
890,175,25
890,150,25
890,125,25
890,100,22.5
890,80,15
890,70,10
890,60,10
890,50,10
890,40,10
890,30,7.5
890,25,5
890,20,2.5
891,1000,9.96921e+36
891,950,9.96921e+36
891,900,16
891,850,50
891,800,50
891,750,50
891,700,50
891,650,50
891,600,50
891,550,50
891,500,50
891,450,50
891,400,50
891,350,50
891,300,50
891,250,50
891,200,37.5
891,175,25
891,150,25
891,125,25
891,100,22.5
891,80,15
891,70,10
891,60,10
891,50,10
891,40,10
891,30,7.5
891,25,5
891,20,2.5
892,1000,9.96921e+36
892,950,9.96921e+36
892,900,17
892,850,50
892,800,50
892,750,50
892,700,50
892,650,50
892,600,50
892,550,50
892,500,50
892,450,50
892,400,50
892,350,50
892,300,50
892,250,50
892,200,37.5
892,175,25
892,150,25
892,125,25
892,100,22.5
892,80,15
892,70,10
892,60,10
892,50,10
892,40,10
892,30,7.5
892,25,5
892,20,2.5
893,1000,9.96921e+36
893,950,9.96921e+36
893,900,18
893,850,50
893,800,50
893,750,50
893,700,50
893,650,50
893,600,50
893,550,50
893,500,50
893,450,50
893,400,50
893,350,50
893,300,50
893,250,50
893,200,37.5
893,175,25
893,150,25
893,125,25
893,100,22.5
893,80,15
893,70,10
893,60,10
893,50,10
893,40,10
893,30,7.5
893,25,5
893,20,2.5
894,1000,9.96921e+36
894,950,9.96921e+36
894,900,19
894,850,50
894,800,50
894,750,50
894,700,50
894,650,50
894,600,50
894,550,50
894,500,50
894,450,50
894,400,50
894,350,50
894,300,50
894,250,50
894,200,37.5
894,175,25
894,150,25
894,125,25
894,100,22.5
894,80,15
894,70,10
894,60,10
894,50,10
894,40,10
894,30,7.5
894,25,5
894,20,2.5
895,1000,9.96921e+36
895,950,9.96921e+36
895,900,20
895,850,50
895,800,50
895,750,50
895,700,50
895,650,50
895,600,50
895,550,50
895,500,50
895,450,50
895,400,50
895,350,50
895,300,50
895,250,50
895,200,37.5
895,175,25
895,150,25
895,125,25
895,100,22.5
895,80,15
895,70,10
895,60,10
895,50,10
895,40,10
895,30,7.5
895,25,5
895,20,2.5
896,1000,9.96921e+36
896,950,9.96921e+36
896,900,21
896,850,50
896,800,50
896,750,50
896,700,50
896,650,50
896,600,50
896,550,50
896,500,50
896,450,50
896,400,50
896,350,50
896,300,50
896,250,50
896,200,37.5
896,175,25
896,150,25
896,125,25
896,100,22.5
896,80,15
896,70,10
896,60,10
896,50,10
896,40,10
896,30,7.5
896,25,5
896,20,2.5
897,1000,9.96921e+36
897,950,9.96921e+36
897,900,22
897,850,50
897,800,50
897,750,50
897,700,50
897,650,50
897,600,50
897,550,50
897,500,50
897,450,50
897,400,50
897,350,50
897,300,50
897,250,50
897,200,37.5
897,175,25
897,150,25
897,125,25
897,100,22.5
897,80,15
897,70,10
897,60,10
897,50,10
897,40,10
897,30,7.5
897,25,5
897,20,2.5
898,1000,9.96921e+36
898,950,9.96921e+36
898,900,23
898,850,50
898,800,50
898,750,50
898,700,50
898,650,50
898,600,50
898,550,50
898,500,50
898,450,50
898,400,50
898,350,50
898,300,50
898,250,50
898,200,37.5
898,175,25
898,150,25
898,125,25
898,100,22.5
898,80,15
898,70,10
898,60,10
898,50,10
898,40,10
898,30,7.5
898,25,5
898,20,2.5
899,1000,9.96921e+36
899,950,9.96921e+36
899,900,24
899,850,50
899,800,50
899,750,50
899,700,50
899,650,50
899,600,50
899,550,50
899,500,50
899,450,50
899,400,50
899,350,50
899,300,50
899,250,50
899,200,37.5
899,175,25
899,150,25
899,125,25
899,100,22.5
899,80,15
899,70,10
899,60,10
899,50,10
899,40,10
899,30,7.5
899,25,5
899,20,2.5
900,1000,9.96921e+36
900,950,9.96921e+36
900,900,25
900,850,50
900,800,50
900,750,50
900,700,50
900,650,50
900,600,50
900,550,50
900,500,50
900,450,50
900,400,50
900,350,50
900,300,50
900,250,50
900,200,37.5
900,175,25
900,150,25
900,125,25
900,100,22.5
900,80,15
900,70,10
900,60,10
900,50,10
900,40,10
900,30,7.5
900,25,5
900,20,2.5
901,1000,9.96921e+36
901,950,9.96921e+36
901,900,26
901,850,50
901,800,50
901,750,50
901,700,50
901,650,50
901,600,50
901,550,50
901,500,50
901,450,50
901,400,50
901,350,50
901,300,50
901,250,50
901,200,37.5
901,175,25
901,150,25
901,125,25
901,100,22.5
901,80,15
901,70,10
901,60,10
901,50,10
901,40,10
901,30,7.5
901,25,5
901,20,2.5
902,1000,9.96921e+36
902,950,9.96921e+36
902,900,27
902,850,50
902,800,50
902,750,50
902,700,50
902,650,50
902,600,50
902,550,50
902,500,50
902,450,50
902,400,50
902,350,50
902,300,50
902,250,50
902,200,37.5
902,175,25
902,150,25
902,125,25
902,100,22.5
902,80,15
902,70,10
902,60,10
902,50,10
902,40,10
902,30,7.5
902,25,5
902,20,2.5
903,1000,9.96921e+36
903,950,9.96921e+36
903,900,28
903,850,50
903,800,50
903,750,50
903,700,50
903,650,50
903,600,50
903,550,50
903,500,50
903,450,50
903,400,50
903,350,50
903,300,50
903,250,50
903,200,37.5
903,175,25
903,150,25
903,125,25
903,100,22.5
903,80,15
903,70,10
903,60,10
903,50,10
903,40,10
903,30,7.5
903,25,5
903,20,2.5
904,1000,9.96921e+36
904,950,9.96921e+36
904,900,29
904,850,50
904,800,50
904,750,50
904,700,50
904,650,50
904,600,50
904,550,50
904,500,50
904,450,50
904,400,50
904,350,50
904,300,50
904,250,50
904,200,37.5
904,175,25
904,150,25
904,125,25
904,100,22.5
904,80,15
904,70,10
904,60,10
904,50,10
904,40,10
904,30,7.5
904,25,5
904,20,2.5
905,1000,9.96921e+36
905,950,9.96921e+36
905,900,30
905,850,50
905,800,50
905,750,50
905,700,50
905,650,50
905,600,50
905,550,50
905,500,50
905,450,50
905,400,50
905,350,50
905,300,50
905,250,50
905,200,37.5
905,175,25
905,150,25
905,125,25
905,100,22.5
905,80,15
905,70,10
905,60,10
905,50,10
905,40,10
905,30,7.5
905,25,5
905,20,2.5
906,1000,9.96921e+36
906,950,9.96921e+36
906,900,31
906,850,50
906,800,50
906,750,50
906,700,50
906,650,50
906,600,50
906,550,50
906,500,50
906,450,50
906,400,50
906,350,50
906,300,50
906,250,50
906,200,37.5
906,175,25
906,150,25
906,125,25
906,100,22.5
906,80,15
906,70,10
906,60,10
906,50,10
906,40,10
906,30,7.5
906,25,5
906,20,2.5
907,1000,9.96921e+36
907,950,9.96921e+36
907,900,32
907,850,50
907,800,50
907,750,50
907,700,50
907,650,50
907,600,50
907,550,50
907,500,50
907,450,50
907,400,50
907,350,50
907,300,50
907,250,50
907,200,37.5
907,175,25
907,150,25
907,125,25
907,100,22.5
907,80,15
907,70,10
907,60,10
907,50,10
907,40,10
907,30,7.5
907,25,5
907,20,2.5
908,1000,9.96921e+36
908,950,9.96921e+36
908,900,33
908,850,50
908,800,50
908,750,50
908,700,50
908,650,50
908,600,50
908,550,50
908,500,50
908,450,50
908,400,50
908,350,50
908,300,50
908,250,50
908,200,37.5
908,175,25
908,150,25
908,125,25
908,100,22.5
908,80,15
908,70,10
908,60,10
908,50,10
908,40,10
908,30,7.5
908,25,5
908,20,2.5
909,1000,9.96921e+36
909,950,9.96921e+36
909,900,34
909,850,50
909,800,50
909,750,50
909,700,50
909,650,50
909,600,50
909,550,50
909,500,50
909,450,50
909,400,50
909,350,50
909,300,50
909,250,50
909,200,37.5
909,175,25
909,150,25
909,125,25
909,100,22.5
909,80,15
909,70,10
909,60,10
909,50,10
909,40,10
909,30,7.5
909,25,5
909,20,2.5
910,1000,9.96921e+36
910,950,9.96921e+36
910,900,35
910,850,50
910,800,50
910,750,50
910,700,50
910,650,50
910,600,50
910,550,50
910,500,50
910,450,50
910,400,50
910,350,50
910,300,50
910,250,50
910,200,37.5
910,175,25
910,150,25
910,125,25
910,100,22.5
910,80,15
910,70,10
910,60,10
910,50,10
910,40,10
910,30,7.5
910,25,5
910,20,2.5
911,1000,9.96921e+36
911,950,9.96921e+36
911,900,36
911,850,50
911,800,50
911,750,50
911,700,50
911,650,50
911,600,50
911,550,50
911,500,50
911,450,50
911,400,50
911,350,50
911,300,50
911,250,50
911,200,37.5
911,175,25
911,150,25
911,125,25
911,100,22.5
911,80,15
911,70,10
911,60,10
911,50,10
911,40,10
911,30,7.5
911,25,5
911,20,2.5
912,1000,9.96921e+36
912,950,9.96921e+36
912,900,37
912,850,50
912,800,50
912,750,50
912,700,50
912,650,50
912,600,50
912,550,50
912,500,50
912,450,50
912,400,50
912,350,50
912,300,50
912,250,50
912,200,37.5
912,175,25
912,150,25
912,125,25
912,100,22.5
912,80,15
912,70,10
912,60,10
912,50,10
912,40,10
912,30,7.5
912,25,5
912,20,2.5
913,1000,9.96921e+36
913,950,9.96921e+36
913,900,38
913,850,50
913,800,50
913,750,50
913,700,50
913,650,50
913,600,50
913,550,50
913,500,50
913,450,50
913,400,50
913,350,50
913,300,50
913,250,50
913,200,37.5
913,175,25
913,150,25
913,125,25
913,100,22.5
913,80,15
913,70,10
913,60,10
913,50,10
913,40,10
913,30,7.5
913,25,5
913,20,2.5
914,1000,9.96921e+36
914,950,9.96921e+36
914,900,39
914,850,50
914,800,50
914,750,50
914,700,50
914,650,50
914,600,50
914,550,50
914,500,50
914,450,50
914,400,50
914,350,50
914,300,50
914,250,50
914,200,37.5
914,175,25
914,150,25
914,125,25
914,100,22.5
914,80,15
914,70,10
914,60,10
914,50,10
914,40,10
914,30,7.5
914,25,5
914,20,2.5
915,1000,9.96921e+36
915,950,9.96921e+36
915,900,40
915,850,50
915,800,50
915,750,50
915,700,50
915,650,50
915,600,50
915,550,50
915,500,50
915,450,50
915,400,50
915,350,50
915,300,50
915,250,50
915,200,37.5
915,175,25
915,150,25
915,125,25
915,100,22.5
915,80,15
915,70,10
915,60,10
915,50,10
915,40,10
915,30,7.5
915,25,5
915,20,2.5
916,1000,9.96921e+36
916,950,9.96921e+36
916,900,41
916,850,50
916,800,50
916,750,50
916,700,50
916,650,50
916,600,50
916,550,50
916,500,50
916,450,50
916,400,50
916,350,50
916,300,50
916,250,50
916,200,37.5
916,175,25
916,150,25
916,125,25
916,100,22.5
916,80,15
916,70,10
916,60,10
916,50,10
916,40,10
916,30,7.5
916,25,5
916,20,2.5
917,1000,9.96921e+36
917,950,9.96921e+36
917,900,42
917,850,50
917,800,50
917,750,50
917,700,50
917,650,50
917,600,50
917,550,50
917,500,50
917,450,50
917,400,50
917,350,50
917,300,50
917,250,50
917,200,37.5
917,175,25
917,150,25
917,125,25
917,100,22.5
917,80,15
917,70,10
917,60,10
917,50,10
917,40,10
917,30,7.5
917,25,5
917,20,2.5
918,1000,9.96921e+36
918,950,9.96921e+36
918,900,43
918,850,50
918,800,50
918,750,50
918,700,50
918,650,50
918,600,50
918,550,50
918,500,50
918,450,50
918,400,50
918,350,50
918,300,50
918,250,50
918,200,37.5
918,175,25
918,150,25
918,125,25
918,100,22.5
918,80,15
918,70,10
918,60,10
918,50,10
918,40,10
918,30,7.5
918,25,5
918,20,2.5
919,1000,9.96921e+36
919,950,9.96921e+36
919,900,44
919,850,50
919,800,50
919,750,50
919,700,50
919,650,50
919,600,50
919,550,50
919,500,50
919,450,50
919,400,50
919,350,50
919,300,50
919,250,50
919,200,37.5
919,175,25
919,150,25
919,125,25
919,100,22.5
919,80,15
919,70,10
919,60,10
919,50,10
919,40,10
919,30,7.5
919,25,5
919,20,2.5
920,1000,9.96921e+36
920,950,9.96921e+36
920,900,45
920,850,50
920,800,50
920,750,50
920,700,50
920,650,50
920,600,50
920,550,50
920,500,50
920,450,50
920,400,50
920,350,50
920,300,50
920,250,50
920,200,37.5
920,175,25
920,150,25
920,125,25
920,100,22.5
920,80,15
920,70,10
920,60,10
920,50,10
920,40,10
920,30,7.5
920,25,5
920,20,2.5
921,1000,9.96921e+36
921,950,9.96921e+36
921,900,46
921,850,50
921,800,50
921,750,50
921,700,50
921,650,50
921,600,50
921,550,50
921,500,50
921,450,50
921,400,50
921,350,50
921,300,50
921,250,50
921,200,37.5
921,175,25
921,150,25
921,125,25
921,100,22.5
921,80,15
921,70,10
921,60,10
921,50,10
921,40,10
921,30,7.5
921,25,5
921,20,2.5
922,1000,9.96921e+36
922,950,9.96921e+36
922,900,47
922,850,50
922,800,50
922,750,50
922,700,50
922,650,50
922,600,50
922,550,50
922,500,50
922,450,50
922,400,50
922,350,50
922,300,50
922,250,50
922,200,37.5
922,175,25
922,150,25
922,125,25
922,100,22.5
922,80,15
922,70,10
922,60,10
922,50,10
922,40,10
922,30,7.5
922,25,5
922,20,2.5
923,1000,9.96921e+36
923,950,9.96921e+36
923,900,48
923,850,50
923,800,50
923,750,50
923,700,50
923,650,50
923,600,50
923,550,50
923,500,50
923,450,50
923,400,50
923,350,50
923,300,50
923,250,50
923,200,37.5
923,175,25
923,150,25
923,125,25
923,100,22.5
923,80,15
923,70,10
923,60,10
923,50,10
923,40,10
923,30,7.5
923,25,5
923,20,2.5
924,1000,9.96921e+36
924,950,9.96921e+36
924,900,49
924,850,50
924,800,50
924,750,50
924,700,50
924,650,50
924,600,50
924,550,50
924,500,50
924,450,50
924,400,50
924,350,50
924,300,50
924,250,50
924,200,37.5
924,175,25
924,150,25
924,125,25
924,100,22.5
924,80,15
924,70,10
924,60,10
924,50,10
924,40,10
924,30,7.5
924,25,5
924,20,2.5
925,1000,9.96921e+36
925,950,0
925,900,50
925,850,50
925,800,50
925,750,50
925,700,50
925,650,50
925,600,50
925,550,50
925,500,50
925,450,50
925,400,50
925,350,50
925,300,50
925,250,50
925,200,37.5
925,175,25
925,150,25
925,125,25
925,100,22.5
925,80,15
925,70,10
925,60,10
925,50,10
925,40,10
925,30,7.5
925,25,5
925,20,2.5
926,1000,9.96921e+36
926,950,1
926,900,50
926,850,50
926,800,50
926,750,50
926,700,50
926,650,50
926,600,50
926,550,50
926,500,50
926,450,50
926,400,50
926,350,50
926,300,50
926,250,50
926,200,37.5
926,175,25
926,150,25
926,125,25
926,100,22.5
926,80,15
926,70,10
926,60,10
926,50,10
926,40,10
926,30,7.5
926,25,5
926,20,2.5
927,1000,9.96921e+36
927,950,2
927,900,50
927,850,50
927,800,50
927,750,50
927,700,50
927,650,50
927,600,50
927,550,50
927,500,50
927,450,50
927,400,50
927,350,50
927,300,50
927,250,50
927,200,37.5
927,175,25
927,150,25
927,125,25
927,100,22.5
927,80,15
927,70,10
927,60,10
927,50,10
927,40,10
927,30,7.5
927,25,5
927,20,2.5
928,1000,9.96921e+36
928,950,3
928,900,50
928,850,50
928,800,50
928,750,50
928,700,50
928,650,50
928,600,50
928,550,50
928,500,50
928,450,50
928,400,50
928,350,50
928,300,50
928,250,50
928,200,37.5
928,175,25
928,150,25
928,125,25
928,100,22.5
928,80,15
928,70,10
928,60,10
928,50,10
928,40,10
928,30,7.5
928,25,5
928,20,2.5
929,1000,9.96921e+36
929,950,4
929,900,50
929,850,50
929,800,50
929,750,50
929,700,50
929,650,50
929,600,50
929,550,50
929,500,50
929,450,50
929,400,50
929,350,50
929,300,50
929,250,50
929,200,37.5
929,175,25
929,150,25
929,125,25
929,100,22.5
929,80,15
929,70,10
929,60,10
929,50,10
929,40,10
929,30,7.5
929,25,5
929,20,2.5
930,1000,9.96921e+36
930,950,5
930,900,50
930,850,50
930,800,50
930,750,50
930,700,50
930,650,50
930,600,50
930,550,50
930,500,50
930,450,50
930,400,50
930,350,50
930,300,50
930,250,50
930,200,37.5
930,175,25
930,150,25
930,125,25
930,100,22.5
930,80,15
930,70,10
930,60,10
930,50,10
930,40,10
930,30,7.5
930,25,5
930,20,2.5
931,1000,9.96921e+36
931,950,6
931,900,50
931,850,50
931,800,50
931,750,50
931,700,50
931,650,50
931,600,50
931,550,50
931,500,50
931,450,50
931,400,50
931,350,50
931,300,50
931,250,50
931,200,37.5
931,175,25
931,150,25
931,125,25
931,100,22.5
931,80,15
931,70,10
931,60,10
931,50,10
931,40,10
931,30,7.5
931,25,5
931,20,2.5
932,1000,9.96921e+36
932,950,7
932,900,50
932,850,50
932,800,50
932,750,50
932,700,50
932,650,50
932,600,50
932,550,50
932,500,50
932,450,50
932,400,50
932,350,50
932,300,50
932,250,50
932,200,37.5
932,175,25
932,150,25
932,125,25
932,100,22.5
932,80,15
932,70,10
932,60,10
932,50,10
932,40,10
932,30,7.5
932,25,5
932,20,2.5
933,1000,9.96921e+36
933,950,8
933,900,50
933,850,50
933,800,50
933,750,50
933,700,50
933,650,50
933,600,50
933,550,50
933,500,50
933,450,50
933,400,50
933,350,50
933,300,50
933,250,50
933,200,37.5
933,175,25
933,150,25
933,125,25
933,100,22.5
933,80,15
933,70,10
933,60,10
933,50,10
933,40,10
933,30,7.5
933,25,5
933,20,2.5
934,1000,9.96921e+36
934,950,9
934,900,50
934,850,50
934,800,50
934,750,50
934,700,50
934,650,50
934,600,50
934,550,50
934,500,50
934,450,50
934,400,50
934,350,50
934,300,50
934,250,50
934,200,37.5
934,175,25
934,150,25
934,125,25
934,100,22.5
934,80,15
934,70,10
934,60,10
934,50,10
934,40,10
934,30,7.5
934,25,5
934,20,2.5
935,1000,9.96921e+36
935,950,10
935,900,50
935,850,50
935,800,50
935,750,50
935,700,50
935,650,50
935,600,50
935,550,50
935,500,50
935,450,50
935,400,50
935,350,50
935,300,50
935,250,50
935,200,37.5
935,175,25
935,150,25
935,125,25
935,100,22.5
935,80,15
935,70,10
935,60,10
935,50,10
935,40,10
935,30,7.5
935,25,5
935,20,2.5
936,1000,9.96921e+36
936,950,11
936,900,50
936,850,50
936,800,50
936,750,50
936,700,50
936,650,50
936,600,50
936,550,50
936,500,50
936,450,50
936,400,50
936,350,50
936,300,50
936,250,50
936,200,37.5
936,175,25
936,150,25
936,125,25
936,100,22.5
936,80,15
936,70,10
936,60,10
936,50,10
936,40,10
936,30,7.5
936,25,5
936,20,2.5
937,1000,9.96921e+36
937,950,12
937,900,50
937,850,50
937,800,50
937,750,50
937,700,50
937,650,50
937,600,50
937,550,50
937,500,50
937,450,50
937,400,50
937,350,50
937,300,50
937,250,50
937,200,37.5
937,175,25
937,150,25
937,125,25
937,100,22.5
937,80,15
937,70,10
937,60,10
937,50,10
937,40,10
937,30,7.5
937,25,5
937,20,2.5
938,1000,9.96921e+36
938,950,13
938,900,50
938,850,50
938,800,50
938,750,50
938,700,50
938,650,50
938,600,50
938,550,50
938,500,50
938,450,50
938,400,50
938,350,50
938,300,50
938,250,50
938,200,37.5
938,175,25
938,150,25
938,125,25
938,100,22.5
938,80,15
938,70,10
938,60,10
938,50,10
938,40,10
938,30,7.5
938,25,5
938,20,2.5
939,1000,9.96921e+36
939,950,14
939,900,50
939,850,50
939,800,50
939,750,50
939,700,50
939,650,50
939,600,50
939,550,50
939,500,50
939,450,50
939,400,50
939,350,50
939,300,50
939,250,50
939,200,37.5
939,175,25
939,150,25
939,125,25
939,100,22.5
939,80,15
939,70,10
939,60,10
939,50,10
939,40,10
939,30,7.5
939,25,5
939,20,2.5
940,1000,9.96921e+36
940,950,15
940,900,50
940,850,50
940,800,50
940,750,50
940,700,50
940,650,50
940,600,50
940,550,50
940,500,50
940,450,50
940,400,50
940,350,50
940,300,50
940,250,50
940,200,37.5
940,175,25
940,150,25
940,125,25
940,100,22.5
940,80,15
940,70,10
940,60,10
940,50,10
940,40,10
940,30,7.5
940,25,5
940,20,2.5
941,1000,9.96921e+36
941,950,16
941,900,50
941,850,50
941,800,50
941,750,50
941,700,50
941,650,50
941,600,50
941,550,50
941,500,50
941,450,50
941,400,50
941,350,50
941,300,50
941,250,50
941,200,37.5
941,175,25
941,150,25
941,125,25
941,100,22.5
941,80,15
941,70,10
941,60,10
941,50,10
941,40,10
941,30,7.5
941,25,5
941,20,2.5
942,1000,9.96921e+36
942,950,17
942,900,50
942,850,50
942,800,50
942,750,50
942,700,50
942,650,50
942,600,50
942,550,50
942,500,50
942,450,50
942,400,50
942,350,50
942,300,50
942,250,50
942,200,37.5
942,175,25
942,150,25
942,125,25
942,100,22.5
942,80,15
942,70,10
942,60,10
942,50,10
942,40,10
942,30,7.5
942,25,5
942,20,2.5
943,1000,9.96921e+36
943,950,18
943,900,50
943,850,50
943,800,50
943,750,50
943,700,50
943,650,50
943,600,50
943,550,50
943,500,50
943,450,50
943,400,50
943,350,50
943,300,50
943,250,50
943,200,37.5
943,175,25
943,150,25
943,125,25
943,100,22.5
943,80,15
943,70,10
943,60,10
943,50,10
943,40,10
943,30,7.5
943,25,5
943,20,2.5
944,1000,9.96921e+36
944,950,19
944,900,50
944,850,50
944,800,50
944,750,50
944,700,50
944,650,50
944,600,50
944,550,50
944,500,50
944,450,50
944,400,50
944,350,50
944,300,50
944,250,50
944,200,37.5
944,175,25
944,150,25
944,125,25
944,100,22.5
944,80,15
944,70,10
944,60,10
944,50,10
944,40,10
944,30,7.5
944,25,5
944,20,2.5
945,1000,9.96921e+36
945,950,20
945,900,50
945,850,50
945,800,50
945,750,50
945,700,50
945,650,50
945,600,50
945,550,50
945,500,50
945,450,50
945,400,50
945,350,50
945,300,50
945,250,50
945,200,37.5
945,175,25
945,150,25
945,125,25
945,100,22.5
945,80,15
945,70,10
945,60,10
945,50,10
945,40,10
945,30,7.5
945,25,5
945,20,2.5
946,1000,9.96921e+36
946,950,21
946,900,50
946,850,50
946,800,50
946,750,50
946,700,50
946,650,50
946,600,50
946,550,50
946,500,50
946,450,50
946,400,50
946,350,50
946,300,50
946,250,50
946,200,37.5
946,175,25
946,150,25
946,125,25
946,100,22.5
946,80,15
946,70,10
946,60,10
946,50,10
946,40,10
946,30,7.5
946,25,5
946,20,2.5
947,1000,9.96921e+36
947,950,22
947,900,50
947,850,50
947,800,50
947,750,50
947,700,50
947,650,50
947,600,50
947,550,50
947,500,50
947,450,50
947,400,50
947,350,50
947,300,50
947,250,50
947,200,37.5
947,175,25
947,150,25
947,125,25
947,100,22.5
947,80,15
947,70,10
947,60,10
947,50,10
947,40,10
947,30,7.5
947,25,5
947,20,2.5
948,1000,9.96921e+36
948,950,23
948,900,50
948,850,50
948,800,50
948,750,50
948,700,50
948,650,50
948,600,50
948,550,50
948,500,50
948,450,50
948,400,50
948,350,50
948,300,50
948,250,50
948,200,37.5
948,175,25
948,150,25
948,125,25
948,100,22.5
948,80,15
948,70,10
948,60,10
948,50,10
948,40,10
948,30,7.5
948,25,5
948,20,2.5
949,1000,9.96921e+36
949,950,24
949,900,50
949,850,50
949,800,50
949,750,50
949,700,50
949,650,50
949,600,50
949,550,50
949,500,50
949,450,50
949,400,50
949,350,50
949,300,50
949,250,50
949,200,37.5
949,175,25
949,150,25
949,125,25
949,100,22.5
949,80,15
949,70,10
949,60,10
949,50,10
949,40,10
949,30,7.5
949,25,5
949,20,2.5
950,1000,9.96921e+36
950,950,25
950,900,50
950,850,50
950,800,50
950,750,50
950,700,50
950,650,50
950,600,50
950,550,50
950,500,50
950,450,50
950,400,50
950,350,50
950,300,50
950,250,50
950,200,37.5
950,175,25
950,150,25
950,125,25
950,100,22.5
950,80,15
950,70,10
950,60,10
950,50,10
950,40,10
950,30,7.5
950,25,5
950,20,2.5
951,1000,9.96921e+36
951,950,26
951,900,50
951,850,50
951,800,50
951,750,50
951,700,50
951,650,50
951,600,50
951,550,50
951,500,50
951,450,50
951,400,50
951,350,50
951,300,50
951,250,50
951,200,37.5
951,175,25
951,150,25
951,125,25
951,100,22.5
951,80,15
951,70,10
951,60,10
951,50,10
951,40,10
951,30,7.5
951,25,5
951,20,2.5
952,1000,9.96921e+36
952,950,27
952,900,50
952,850,50
952,800,50
952,750,50
952,700,50
952,650,50
952,600,50
952,550,50
952,500,50
952,450,50
952,400,50
952,350,50
952,300,50
952,250,50
952,200,37.5
952,175,25
952,150,25
952,125,25
952,100,22.5
952,80,15
952,70,10
952,60,10
952,50,10
952,40,10
952,30,7.5
952,25,5
952,20,2.5
953,1000,9.96921e+36
953,950,28
953,900,50
953,850,50
953,800,50
953,750,50
953,700,50
953,650,50
953,600,50
953,550,50
953,500,50
953,450,50
953,400,50
953,350,50
953,300,50
953,250,50
953,200,37.5
953,175,25
953,150,25
953,125,25
953,100,22.5
953,80,15
953,70,10
953,60,10
953,50,10
953,40,10
953,30,7.5
953,25,5
953,20,2.5
954,1000,9.96921e+36
954,950,29
954,900,50
954,850,50
954,800,50
954,750,50
954,700,50
954,650,50
954,600,50
954,550,50
954,500,50
954,450,50
954,400,50
954,350,50
954,300,50
954,250,50
954,200,37.5
954,175,25
954,150,25
954,125,25
954,100,22.5
954,80,15
954,70,10
954,60,10
954,50,10
954,40,10
954,30,7.5
954,25,5
954,20,2.5
955,1000,9.96921e+36
955,950,30
955,900,50
955,850,50
955,800,50
955,750,50
955,700,50
955,650,50
955,600,50
955,550,50
955,500,50
955,450,50
955,400,50
955,350,50
955,300,50
955,250,50
955,200,37.5
955,175,25
955,150,25
955,125,25
955,100,22.5
955,80,15
955,70,10
955,60,10
955,50,10
955,40,10
955,30,7.5
955,25,5
955,20,2.5
956,1000,9.96921e+36
956,950,31
956,900,50
956,850,50
956,800,50
956,750,50
956,700,50
956,650,50
956,600,50
956,550,50
956,500,50
956,450,50
956,400,50
956,350,50
956,300,50
956,250,50
956,200,37.5
956,175,25
956,150,25
956,125,25
956,100,22.5
956,80,15
956,70,10
956,60,10
956,50,10
956,40,10
956,30,7.5
956,25,5
956,20,2.5
957,1000,9.96921e+36
957,950,32
957,900,50
957,850,50
957,800,50
957,750,50
957,700,50
957,650,50
957,600,50
957,550,50
957,500,50
957,450,50
957,400,50
957,350,50
957,300,50
957,250,50
957,200,37.5
957,175,25
957,150,25
957,125,25
957,100,22.5
957,80,15
957,70,10
957,60,10
957,50,10
957,40,10
957,30,7.5
957,25,5
957,20,2.5
958,1000,9.96921e+36
958,950,33
958,900,50
958,850,50
958,800,50
958,750,50
958,700,50
958,650,50
958,600,50
958,550,50
958,500,50
958,450,50
958,400,50
958,350,50
958,300,50
958,250,50
958,200,37.5
958,175,25
958,150,25
958,125,25
958,100,22.5
958,80,15
958,70,10
958,60,10
958,50,10
958,40,10
958,30,7.5
958,25,5
958,20,2.5
959,1000,9.96921e+36
959,950,34
959,900,50
959,850,50
959,800,50
959,750,50
959,700,50
959,650,50
959,600,50
959,550,50
959,500,50
959,450,50
959,400,50
959,350,50
959,300,50
959,250,50
959,200,37.5
959,175,25
959,150,25
959,125,25
959,100,22.5
959,80,15
959,70,10
959,60,10
959,50,10
959,40,10
959,30,7.5
959,25,5
959,20,2.5
960,1000,9.96921e+36
960,950,35
960,900,50
960,850,50
960,800,50
960,750,50
960,700,50
960,650,50
960,600,50
960,550,50
960,500,50
960,450,50
960,400,50
960,350,50
960,300,50
960,250,50
960,200,37.5
960,175,25
960,150,25
960,125,25
960,100,22.5
960,80,15
960,70,10
960,60,10
960,50,10
960,40,10
960,30,7.5
960,25,5
960,20,2.5
961,1000,9.96921e+36
961,950,36
961,900,50
961,850,50
961,800,50
961,750,50
961,700,50
961,650,50
961,600,50
961,550,50
961,500,50
961,450,50
961,400,50
961,350,50
961,300,50
961,250,50
961,200,37.5
961,175,25
961,150,25
961,125,25
961,100,22.5
961,80,15
961,70,10
961,60,10
961,50,10
961,40,10
961,30,7.5
961,25,5
961,20,2.5
962,1000,9.96921e+36
962,950,37
962,900,50
962,850,50
962,800,50
962,750,50
962,700,50
962,650,50
962,600,50
962,550,50
962,500,50
962,450,50
962,400,50
962,350,50
962,300,50
962,250,50
962,200,37.5
962,175,25
962,150,25
962,125,25
962,100,22.5
962,80,15
962,70,10
962,60,10
962,50,10
962,40,10
962,30,7.5
962,25,5
962,20,2.5
963,1000,9.96921e+36
963,950,38
963,900,50
963,850,50
963,800,50
963,750,50
963,700,50
963,650,50
963,600,50
963,550,50
963,500,50
963,450,50
963,400,50
963,350,50
963,300,50
963,250,50
963,200,37.5
963,175,25
963,150,25
963,125,25
963,100,22.5
963,80,15
963,70,10
963,60,10
963,50,10
963,40,10
963,30,7.5
963,25,5
963,20,2.5
964,1000,9.96921e+36
964,950,39
964,900,50
964,850,50
964,800,50
964,750,50
964,700,50
964,650,50
964,600,50
964,550,50
964,500,50
964,450,50
964,400,50
964,350,50
964,300,50
964,250,50
964,200,37.5
964,175,25
964,150,25
964,125,25
964,100,22.5
964,80,15
964,70,10
964,60,10
964,50,10
964,40,10
964,30,7.5
964,25,5
964,20,2.5
965,1000,9.96921e+36
965,950,40
965,900,50
965,850,50
965,800,50
965,750,50
965,700,50
965,650,50
965,600,50
965,550,50
965,500,50
965,450,50
965,400,50
965,350,50
965,300,50
965,250,50
965,200,37.5
965,175,25
965,150,25
965,125,25
965,100,22.5
965,80,15
965,70,10
965,60,10
965,50,10
965,40,10
965,30,7.5
965,25,5
965,20,2.5
966,1000,9.96921e+36
966,950,41
966,900,50
966,850,50
966,800,50
966,750,50
966,700,50
966,650,50
966,600,50
966,550,50
966,500,50
966,450,50
966,400,50
966,350,50
966,300,50
966,250,50
966,200,37.5
966,175,25
966,150,25
966,125,25
966,100,22.5
966,80,15
966,70,10
966,60,10
966,50,10
966,40,10
966,30,7.5
966,25,5
966,20,2.5
967,1000,9.96921e+36
967,950,42
967,900,50
967,850,50
967,800,50
967,750,50
967,700,50
967,650,50
967,600,50
967,550,50
967,500,50
967,450,50
967,400,50
967,350,50
967,300,50
967,250,50
967,200,37.5
967,175,25
967,150,25
967,125,25
967,100,22.5
967,80,15
967,70,10
967,60,10
967,50,10
967,40,10
967,30,7.5
967,25,5
967,20,2.5
968,1000,9.96921e+36
968,950,43
968,900,50
968,850,50
968,800,50
968,750,50
968,700,50
968,650,50
968,600,50
968,550,50
968,500,50
968,450,50
968,400,50
968,350,50
968,300,50
968,250,50
968,200,37.5
968,175,25
968,150,25
968,125,25
968,100,22.5
968,80,15
968,70,10
968,60,10
968,50,10
968,40,10
968,30,7.5
968,25,5
968,20,2.5
969,1000,9.96921e+36
969,950,44
969,900,50
969,850,50
969,800,50
969,750,50
969,700,50
969,650,50
969,600,50
969,550,50
969,500,50
969,450,50
969,400,50
969,350,50
969,300,50
969,250,50
969,200,37.5
969,175,25
969,150,25
969,125,25
969,100,22.5
969,80,15
969,70,10
969,60,10
969,50,10
969,40,10
969,30,7.5
969,25,5
969,20,2.5
970,1000,9.96921e+36
970,950,45
970,900,50
970,850,50
970,800,50
970,750,50
970,700,50
970,650,50
970,600,50
970,550,50
970,500,50
970,450,50
970,400,50
970,350,50
970,300,50
970,250,50
970,200,37.5
970,175,25
970,150,25
970,125,25
970,100,22.5
970,80,15
970,70,10
970,60,10
970,50,10
970,40,10
970,30,7.5
970,25,5
970,20,2.5
971,1000,9.96921e+36
971,950,46
971,900,50
971,850,50
971,800,50
971,750,50
971,700,50
971,650,50
971,600,50
971,550,50
971,500,50
971,450,50
971,400,50
971,350,50
971,300,50
971,250,50
971,200,37.5
971,175,25
971,150,25
971,125,25
971,100,22.5
971,80,15
971,70,10
971,60,10
971,50,10
971,40,10
971,30,7.5
971,25,5
971,20,2.5
972,1000,9.96921e+36
972,950,47
972,900,50
972,850,50
972,800,50
972,750,50
972,700,50
972,650,50
972,600,50
972,550,50
972,500,50
972,450,50
972,400,50
972,350,50
972,300,50
972,250,50
972,200,37.5
972,175,25
972,150,25
972,125,25
972,100,22.5
972,80,15
972,70,10
972,60,10
972,50,10
972,40,10
972,30,7.5
972,25,5
972,20,2.5
973,1000,9.96921e+36
973,950,48
973,900,50
973,850,50
973,800,50
973,750,50
973,700,50
973,650,50
973,600,50
973,550,50
973,500,50
973,450,50
973,400,50
973,350,50
973,300,50
973,250,50
973,200,37.5
973,175,25
973,150,25
973,125,25
973,100,22.5
973,80,15
973,70,10
973,60,10
973,50,10
973,40,10
973,30,7.5
973,25,5
973,20,2.5
974,1000,9.96921e+36
974,950,49
974,900,50
974,850,50
974,800,50
974,750,50
974,700,50
974,650,50
974,600,50
974,550,50
974,500,50
974,450,50
974,400,50
974,350,50
974,300,50
974,250,50
974,200,37.5
974,175,25
974,150,25
974,125,25
974,100,22.5
974,80,15
974,70,10
974,60,10
974,50,10
974,40,10
974,30,7.5
974,25,5
974,20,2.5
975,1000,0
975,950,50
975,900,50
975,850,50
975,800,50
975,750,50
975,700,50
975,650,50
975,600,50
975,550,50
975,500,50
975,450,50
975,400,50
975,350,50
975,300,50
975,250,50
975,200,37.5
975,175,25
975,150,25
975,125,25
975,100,22.5
975,80,15
975,70,10
975,60,10
975,50,10
975,40,10
975,30,7.5
975,25,5
975,20,2.5
976,1000,1
976,950,50
976,900,50
976,850,50
976,800,50
976,750,50
976,700,50
976,650,50
976,600,50
976,550,50
976,500,50
976,450,50
976,400,50
976,350,50
976,300,50
976,250,50
976,200,37.5
976,175,25
976,150,25
976,125,25
976,100,22.5
976,80,15
976,70,10
976,60,10
976,50,10
976,40,10
976,30,7.5
976,25,5
976,20,2.5
977,1000,2
977,950,50
977,900,50
977,850,50
977,800,50
977,750,50
977,700,50
977,650,50
977,600,50
977,550,50
977,500,50
977,450,50
977,400,50
977,350,50
977,300,50
977,250,50
977,200,37.5
977,175,25
977,150,25
977,125,25
977,100,22.5
977,80,15
977,70,10
977,60,10
977,50,10
977,40,10
977,30,7.5
977,25,5
977,20,2.5
978,1000,3
978,950,50
978,900,50
978,850,50
978,800,50
978,750,50
978,700,50
978,650,50
978,600,50
978,550,50
978,500,50
978,450,50
978,400,50
978,350,50
978,300,50
978,250,50
978,200,37.5
978,175,25
978,150,25
978,125,25
978,100,22.5
978,80,15
978,70,10
978,60,10
978,50,10
978,40,10
978,30,7.5
978,25,5
978,20,2.5
979,1000,4
979,950,50
979,900,50
979,850,50
979,800,50
979,750,50
979,700,50
979,650,50
979,600,50
979,550,50
979,500,50
979,450,50
979,400,50
979,350,50
979,300,50
979,250,50
979,200,37.5
979,175,25
979,150,25
979,125,25
979,100,22.5
979,80,15
979,70,10
979,60,10
979,50,10
979,40,10
979,30,7.5
979,25,5
979,20,2.5
980,1000,5
980,950,50
980,900,50
980,850,50
980,800,50
980,750,50
980,700,50
980,650,50
980,600,50
980,550,50
980,500,50
980,450,50
980,400,50
980,350,50
980,300,50
980,250,50
980,200,37.5
980,175,25
980,150,25
980,125,25
980,100,22.5
980,80,15
980,70,10
980,60,10
980,50,10
980,40,10
980,30,7.5
980,25,5
980,20,2.5
981,1000,6
981,950,50
981,900,50
981,850,50
981,800,50
981,750,50
981,700,50
981,650,50
981,600,50
981,550,50
981,500,50
981,450,50
981,400,50
981,350,50
981,300,50
981,250,50
981,200,37.5
981,175,25
981,150,25
981,125,25
981,100,22.5
981,80,15
981,70,10
981,60,10
981,50,10
981,40,10
981,30,7.5
981,25,5
981,20,2.5
982,1000,7
982,950,50
982,900,50
982,850,50
982,800,50
982,750,50
982,700,50
982,650,50
982,600,50
982,550,50
982,500,50
982,450,50
982,400,50
982,350,50
982,300,50
982,250,50
982,200,37.5
982,175,25
982,150,25
982,125,25
982,100,22.5
982,80,15
982,70,10
982,60,10
982,50,10
982,40,10
982,30,7.5
982,25,5
982,20,2.5
983,1000,8
983,950,50
983,900,50
983,850,50
983,800,50
983,750,50
983,700,50
983,650,50
983,600,50
983,550,50
983,500,50
983,450,50
983,400,50
983,350,50
983,300,50
983,250,50
983,200,37.5
983,175,25
983,150,25
983,125,25
983,100,22.5
983,80,15
983,70,10
983,60,10
983,50,10
983,40,10
983,30,7.5
983,25,5
983,20,2.5
984,1000,9
984,950,50
984,900,50
984,850,50
984,800,50
984,750,50
984,700,50
984,650,50
984,600,50
984,550,50
984,500,50
984,450,50
984,400,50
984,350,50
984,300,50
984,250,50
984,200,37.5
984,175,25
984,150,25
984,125,25
984,100,22.5
984,80,15
984,70,10
984,60,10
984,50,10
984,40,10
984,30,7.5
984,25,5
984,20,2.5
985,1000,10
985,950,50
985,900,50
985,850,50
985,800,50
985,750,50
985,700,50
985,650,50
985,600,50
985,550,50
985,500,50
985,450,50
985,400,50
985,350,50
985,300,50
985,250,50
985,200,37.5
985,175,25
985,150,25
985,125,25
985,100,22.5
985,80,15
985,70,10
985,60,10
985,50,10
985,40,10
985,30,7.5
985,25,5
985,20,2.5
986,1000,11
986,950,50
986,900,50
986,850,50
986,800,50
986,750,50
986,700,50
986,650,50
986,600,50
986,550,50
986,500,50
986,450,50
986,400,50
986,350,50
986,300,50
986,250,50
986,200,37.5
986,175,25
986,150,25
986,125,25
986,100,22.5
986,80,15
986,70,10
986,60,10
986,50,10
986,40,10
986,30,7.5
986,25,5
986,20,2.5
987,1000,12
987,950,50
987,900,50
987,850,50
987,800,50
987,750,50
987,700,50
987,650,50
987,600,50
987,550,50
987,500,50
987,450,50
987,400,50
987,350,50
987,300,50
987,250,50
987,200,37.5
987,175,25
987,150,25
987,125,25
987,100,22.5
987,80,15
987,70,10
987,60,10
987,50,10
987,40,10
987,30,7.5
987,25,5
987,20,2.5
988,1000,13
988,950,50
988,900,50
988,850,50
988,800,50
988,750,50
988,700,50
988,650,50
988,600,50
988,550,50
988,500,50
988,450,50
988,400,50
988,350,50
988,300,50
988,250,50
988,200,37.5
988,175,25
988,150,25
988,125,25
988,100,22.5
988,80,15
988,70,10
988,60,10
988,50,10
988,40,10
988,30,7.5
988,25,5
988,20,2.5
989,1000,14
989,950,50
989,900,50
989,850,50
989,800,50
989,750,50
989,700,50
989,650,50
989,600,50
989,550,50
989,500,50
989,450,50
989,400,50
989,350,50
989,300,50
989,250,50
989,200,37.5
989,175,25
989,150,25
989,125,25
989,100,22.5
989,80,15
989,70,10
989,60,10
989,50,10
989,40,10
989,30,7.5
989,25,5
989,20,2.5
990,1000,15
990,950,50
990,900,50
990,850,50
990,800,50
990,750,50
990,700,50
990,650,50
990,600,50
990,550,50
990,500,50
990,450,50
990,400,50
990,350,50
990,300,50
990,250,50
990,200,37.5
990,175,25
990,150,25
990,125,25
990,100,22.5
990,80,15
990,70,10
990,60,10
990,50,10
990,40,10
990,30,7.5
990,25,5
990,20,2.5
991,1000,16
991,950,50
991,900,50
991,850,50
991,800,50
991,750,50
991,700,50
991,650,50
991,600,50
991,550,50
991,500,50
991,450,50
991,400,50
991,350,50
991,300,50
991,250,50
991,200,37.5
991,175,25
991,150,25
991,125,25
991,100,22.5
991,80,15
991,70,10
991,60,10
991,50,10
991,40,10
991,30,7.5
991,25,5
991,20,2.5
992,1000,17
992,950,50
992,900,50
992,850,50
992,800,50
992,750,50
992,700,50
992,650,50
992,600,50
992,550,50
992,500,50
992,450,50
992,400,50
992,350,50
992,300,50
992,250,50
992,200,37.5
992,175,25
992,150,25
992,125,25
992,100,22.5
992,80,15
992,70,10
992,60,10
992,50,10
992,40,10
992,30,7.5
992,25,5
992,20,2.5
993,1000,18
993,950,50
993,900,50
993,850,50
993,800,50
993,750,50
993,700,50
993,650,50
993,600,50
993,550,50
993,500,50
993,450,50
993,400,50
993,350,50
993,300,50
993,250,50
993,200,37.5
993,175,25
993,150,25
993,125,25
993,100,22.5
993,80,15
993,70,10
993,60,10
993,50,10
993,40,10
993,30,7.5
993,25,5
993,20,2.5
994,1000,19
994,950,50
994,900,50
994,850,50
994,800,50
994,750,50
994,700,50
994,650,50
994,600,50
994,550,50
994,500,50
994,450,50
994,400,50
994,350,50
994,300,50
994,250,50
994,200,37.5
994,175,25
994,150,25
994,125,25
994,100,22.5
994,80,15
994,70,10
994,60,10
994,50,10
994,40,10
994,30,7.5
994,25,5
994,20,2.5
995,1000,20
995,950,50
995,900,50
995,850,50
995,800,50
995,750,50
995,700,50
995,650,50
995,600,50
995,550,50
995,500,50
995,450,50
995,400,50
995,350,50
995,300,50
995,250,50
995,200,37.5
995,175,25
995,150,25
995,125,25
995,100,22.5
995,80,15
995,70,10
995,60,10
995,50,10
995,40,10
995,30,7.5
995,25,5
995,20,2.5
996,1000,21
996,950,50
996,900,50
996,850,50
996,800,50
996,750,50
996,700,50
996,650,50
996,600,50
996,550,50
996,500,50
996,450,50
996,400,50
996,350,50
996,300,50
996,250,50
996,200,37.5
996,175,25
996,150,25
996,125,25
996,100,22.5
996,80,15
996,70,10
996,60,10
996,50,10
996,40,10
996,30,7.5
996,25,5
996,20,2.5
997,1000,22
997,950,50
997,900,50
997,850,50
997,800,50
997,750,50
997,700,50
997,650,50
997,600,50
997,550,50
997,500,50
997,450,50
997,400,50
997,350,50
997,300,50
997,250,50
997,200,37.5
997,175,25
997,150,25
997,125,25
997,100,22.5
997,80,15
997,70,10
997,60,10
997,50,10
997,40,10
997,30,7.5
997,25,5
997,20,2.5
998,1000,23
998,950,50
998,900,50
998,850,50
998,800,50
998,750,50
998,700,50
998,650,50
998,600,50
998,550,50
998,500,50
998,450,50
998,400,50
998,350,50
998,300,50
998,250,50
998,200,37.5
998,175,25
998,150,25
998,125,25
998,100,22.5
998,80,15
998,70,10
998,60,10
998,50,10
998,40,10
998,30,7.5
998,25,5
998,20,2.5
999,1000,24
999,950,50
999,900,50
999,850,50
999,800,50
999,750,50
999,700,50
999,650,50
999,600,50
999,550,50
999,500,50
999,450,50
999,400,50
999,350,50
999,300,50
999,250,50
999,200,37.5
999,175,25
999,150,25
999,125,25
999,100,22.5
999,80,15
999,70,10
999,60,10
999,50,10
999,40,10
999,30,7.5
999,25,5
999,20,2.5
1000,1000,25
1000,950,50
1000,900,50
1000,850,50
1000,800,50
1000,750,50
1000,700,50
1000,650,50
1000,600,50
1000,550,50
1000,500,50
1000,450,50
1000,400,50
1000,350,50
1000,300,50
1000,250,50
1000,200,37.5
1000,175,25
1000,150,25
1000,125,25
1000,100,22.5
1000,80,15
1000,70,10
1000,60,10
1000,50,10
1000,40,10
1000,30,7.5
1000,25,5
1000,20,2.5
1001,1000,26
1001,950,50
1001,900,50
1001,850,50
1001,800,50
1001,750,50
1001,700,50
1001,650,50
1001,600,50
1001,550,50
1001,500,50
1001,450,50
1001,400,50
1001,350,50
1001,300,50
1001,250,50
1001,200,37.5
1001,175,25
1001,150,25
1001,125,25
1001,100,22.5
1001,80,15
1001,70,10
1001,60,10
1001,50,10
1001,40,10
1001,30,7.5
1001,25,5
1001,20,2.5
1002,1000,27
1002,950,50
1002,900,50
1002,850,50
1002,800,50
1002,750,50
1002,700,50
1002,650,50
1002,600,50
1002,550,50
1002,500,50
1002,450,50
1002,400,50
1002,350,50
1002,300,50
1002,250,50
1002,200,37.5
1002,175,25
1002,150,25
1002,125,25
1002,100,22.5
1002,80,15
1002,70,10
1002,60,10
1002,50,10
1002,40,10
1002,30,7.5
1002,25,5
1002,20,2.5
1003,1000,28
1003,950,50
1003,900,50
1003,850,50
1003,800,50
1003,750,50
1003,700,50
1003,650,50
1003,600,50
1003,550,50
1003,500,50
1003,450,50
1003,400,50
1003,350,50
1003,300,50
1003,250,50
1003,200,37.5
1003,175,25
1003,150,25
1003,125,25
1003,100,22.5
1003,80,15
1003,70,10
1003,60,10
1003,50,10
1003,40,10
1003,30,7.5
1003,25,5
1003,20,2.5
1004,1000,29
1004,950,50
1004,900,50
1004,850,50
1004,800,50
1004,750,50
1004,700,50
1004,650,50
1004,600,50
1004,550,50
1004,500,50
1004,450,50
1004,400,50
1004,350,50
1004,300,50
1004,250,50
1004,200,37.5
1004,175,25
1004,150,25
1004,125,25
1004,100,22.5
1004,80,15
1004,70,10
1004,60,10
1004,50,10
1004,40,10
1004,30,7.5
1004,25,5
1004,20,2.5
1005,1000,30
1005,950,50
1005,900,50
1005,850,50
1005,800,50
1005,750,50
1005,700,50
1005,650,50
1005,600,50
1005,550,50
1005,500,50
1005,450,50
1005,400,50
1005,350,50
1005,300,50
1005,250,50
1005,200,37.5
1005,175,25
1005,150,25
1005,125,25
1005,100,22.5
1005,80,15
1005,70,10
1005,60,10
1005,50,10
1005,40,10
1005,30,7.5
1005,25,5
1005,20,2.5
1006,1000,31
1006,950,50
1006,900,50
1006,850,50
1006,800,50
1006,750,50
1006,700,50
1006,650,50
1006,600,50
1006,550,50
1006,500,50
1006,450,50
1006,400,50
1006,350,50
1006,300,50
1006,250,50
1006,200,37.5
1006,175,25
1006,150,25
1006,125,25
1006,100,22.5
1006,80,15
1006,70,10
1006,60,10
1006,50,10
1006,40,10
1006,30,7.5
1006,25,5
1006,20,2.5
1007,1000,32
1007,950,50
1007,900,50
1007,850,50
1007,800,50
1007,750,50
1007,700,50
1007,650,50
1007,600,50
1007,550,50
1007,500,50
1007,450,50
1007,400,50
1007,350,50
1007,300,50
1007,250,50
1007,200,37.5
1007,175,25
1007,150,25
1007,125,25
1007,100,22.5
1007,80,15
1007,70,10
1007,60,10
1007,50,10
1007,40,10
1007,30,7.5
1007,25,5
1007,20,2.5
1008,1000,33
1008,950,50
1008,900,50
1008,850,50
1008,800,50
1008,750,50
1008,700,50
1008,650,50
1008,600,50
1008,550,50
1008,500,50
1008,450,50
1008,400,50
1008,350,50
1008,300,50
1008,250,50
1008,200,37.5
1008,175,25
1008,150,25
1008,125,25
1008,100,22.5
1008,80,15
1008,70,10
1008,60,10
1008,50,10
1008,40,10
1008,30,7.5
1008,25,5
1008,20,2.5
1009,1000,34
1009,950,50
1009,900,50
1009,850,50
1009,800,50
1009,750,50
1009,700,50
1009,650,50
1009,600,50
1009,550,50
1009,500,50
1009,450,50
1009,400,50
1009,350,50
1009,300,50
1009,250,50
1009,200,37.5
1009,175,25
1009,150,25
1009,125,25
1009,100,22.5
1009,80,15
1009,70,10
1009,60,10
1009,50,10
1009,40,10
1009,30,7.5
1009,25,5
1009,20,2.5
1010,1000,35
1010,950,50
1010,900,50
1010,850,50
1010,800,50
1010,750,50
1010,700,50
1010,650,50
1010,600,50
1010,550,50
1010,500,50
1010,450,50
1010,400,50
1010,350,50
1010,300,50
1010,250,50
1010,200,37.5
1010,175,25
1010,150,25
1010,125,25
1010,100,22.5
1010,80,15
1010,70,10
1010,60,10
1010,50,10
1010,40,10
1010,30,7.5
1010,25,5
1010,20,2.5
1011,1000,36
1011,950,50
1011,900,50
1011,850,50
1011,800,50
1011,750,50
1011,700,50
1011,650,50
1011,600,50
1011,550,50
1011,500,50
1011,450,50
1011,400,50
1011,350,50
1011,300,50
1011,250,50
1011,200,37.5
1011,175,25
1011,150,25
1011,125,25
1011,100,22.5
1011,80,15
1011,70,10
1011,60,10
1011,50,10
1011,40,10
1011,30,7.5
1011,25,5
1011,20,2.5
1012,1000,37
1012,950,50
1012,900,50
1012,850,50
1012,800,50
1012,750,50
1012,700,50
1012,650,50
1012,600,50
1012,550,50
1012,500,50
1012,450,50
1012,400,50
1012,350,50
1012,300,50
1012,250,50
1012,200,37.5
1012,175,25
1012,150,25
1012,125,25
1012,100,22.5
1012,80,15
1012,70,10
1012,60,10
1012,50,10
1012,40,10
1012,30,7.5
1012,25,5
1012,20,2.5
1013,1000,38
1013,950,50
1013,900,50
1013,850,50
1013,800,50
1013,750,50
1013,700,50
1013,650,50
1013,600,50
1013,550,50
1013,500,50
1013,450,50
1013,400,50
1013,350,50
1013,300,50
1013,250,50
1013,200,37.5
1013,175,25
1013,150,25
1013,125,25
1013,100,22.5
1013,80,15
1013,70,10
1013,60,10
1013,50,10
1013,40,10
1013,30,7.5
1013,25,5
1013,20,2.5
1014,1000,39
1014,950,50
1014,900,50
1014,850,50
1014,800,50
1014,750,50
1014,700,50
1014,650,50
1014,600,50
1014,550,50
1014,500,50
1014,450,50
1014,400,50
1014,350,50
1014,300,50
1014,250,50
1014,200,37.5
1014,175,25
1014,150,25
1014,125,25
1014,100,22.5
1014,80,15
1014,70,10
1014,60,10
1014,50,10
1014,40,10
1014,30,7.5
1014,25,5
1014,20,2.5
1015,1000,40
1015,950,50
1015,900,50
1015,850,50
1015,800,50
1015,750,50
1015,700,50
1015,650,50
1015,600,50
1015,550,50
1015,500,50
1015,450,50
1015,400,50
1015,350,50
1015,300,50
1015,250,50
1015,200,37.5
1015,175,25
1015,150,25
1015,125,25
1015,100,22.5
1015,80,15
1015,70,10
1015,60,10
1015,50,10
1015,40,10
1015,30,7.5
1015,25,5
1015,20,2.5
1016,1000,41
1016,950,50
1016,900,50
1016,850,50
1016,800,50
1016,750,50
1016,700,50
1016,650,50
1016,600,50
1016,550,50
1016,500,50
1016,450,50
1016,400,50
1016,350,50
1016,300,50
1016,250,50
1016,200,37.5
1016,175,25
1016,150,25
1016,125,25
1016,100,22.5
1016,80,15
1016,70,10
1016,60,10
1016,50,10
1016,40,10
1016,30,7.5
1016,25,5
1016,20,2.5
1017,1000,42
1017,950,50
1017,900,50
1017,850,50
1017,800,50
1017,750,50
1017,700,50
1017,650,50
1017,600,50
1017,550,50
1017,500,50
1017,450,50
1017,400,50
1017,350,50
1017,300,50
1017,250,50
1017,200,37.5
1017,175,25
1017,150,25
1017,125,25
1017,100,22.5
1017,80,15
1017,70,10
1017,60,10
1017,50,10
1017,40,10
1017,30,7.5
1017,25,5
1017,20,2.5
1018,1000,43
1018,950,50
1018,900,50
1018,850,50
1018,800,50
1018,750,50
1018,700,50
1018,650,50
1018,600,50
1018,550,50
1018,500,50
1018,450,50
1018,400,50
1018,350,50
1018,300,50
1018,250,50
1018,200,37.5
1018,175,25
1018,150,25
1018,125,25
1018,100,22.5
1018,80,15
1018,70,10
1018,60,10
1018,50,10
1018,40,10
1018,30,7.5
1018,25,5
1018,20,2.5
1019,1000,44
1019,950,50
1019,900,50
1019,850,50
1019,800,50
1019,750,50
1019,700,50
1019,650,50
1019,600,50
1019,550,50
1019,500,50
1019,450,50
1019,400,50
1019,350,50
1019,300,50
1019,250,50
1019,200,37.5
1019,175,25
1019,150,25
1019,125,25
1019,100,22.5
1019,80,15
1019,70,10
1019,60,10
1019,50,10
1019,40,10
1019,30,7.5
1019,25,5
1019,20,2.5
1020,1000,45
1020,950,50
1020,900,50
1020,850,50
1020,800,50
1020,750,50
1020,700,50
1020,650,50
1020,600,50
1020,550,50
1020,500,50
1020,450,50
1020,400,50
1020,350,50
1020,300,50
1020,250,50
1020,200,37.5
1020,175,25
1020,150,25
1020,125,25
1020,100,22.5
1020,80,15
1020,70,10
1020,60,10
1020,50,10
1020,40,10
1020,30,7.5
1020,25,5
1020,20,2.5
1021,1000,46
1021,950,50
1021,900,50
1021,850,50
1021,800,50
1021,750,50
1021,700,50
1021,650,50
1021,600,50
1021,550,50
1021,500,50
1021,450,50
1021,400,50
1021,350,50
1021,300,50
1021,250,50
1021,200,37.5
1021,175,25
1021,150,25
1021,125,25
1021,100,22.5
1021,80,15
1021,70,10
1021,60,10
1021,50,10
1021,40,10
1021,30,7.5
1021,25,5
1021,20,2.5
1022,1000,47
1022,950,50
1022,900,50
1022,850,50
1022,800,50
1022,750,50
1022,700,50
1022,650,50
1022,600,50
1022,550,50
1022,500,50
1022,450,50
1022,400,50
1022,350,50
1022,300,50
1022,250,50
1022,200,37.5
1022,175,25
1022,150,25
1022,125,25
1022,100,22.5
1022,80,15
1022,70,10
1022,60,10
1022,50,10
1022,40,10
1022,30,7.5
1022,25,5
1022,20,2.5
1023,1000,48
1023,950,50
1023,900,50
1023,850,50
1023,800,50
1023,750,50
1023,700,50
1023,650,50
1023,600,50
1023,550,50
1023,500,50
1023,450,50
1023,400,50
1023,350,50
1023,300,50
1023,250,50
1023,200,37.5
1023,175,25
1023,150,25
1023,125,25
1023,100,22.5
1023,80,15
1023,70,10
1023,60,10
1023,50,10
1023,40,10
1023,30,7.5
1023,25,5
1023,20,2.5
1024,1000,49
1024,950,50
1024,900,50
1024,850,50
1024,800,50
1024,750,50
1024,700,50
1024,650,50
1024,600,50
1024,550,50
1024,500,50
1024,450,50
1024,400,50
1024,350,50
1024,300,50
1024,250,50
1024,200,37.5
1024,175,25
1024,150,25
1024,125,25
1024,100,22.5
1024,80,15
1024,70,10
1024,60,10
1024,50,10
1024,40,10
1024,30,7.5
1024,25,5
1024,20,2.5
1025,1000,50
1025,950,50
1025,900,50
1025,850,50
1025,800,50
1025,750,50
1025,700,50
1025,650,50
1025,600,50
1025,550,50
1025,500,50
1025,450,50
1025,400,50
1025,350,50
1025,300,50
1025,250,50
1025,200,37.5
1025,175,25
1025,150,25
1025,125,25
1025,100,22.5
1025,80,15
1025,70,10
1025,60,10
1025,50,10
1025,40,10
1025,30,7.5
1025,25,5
1025,20,2.5
1026,1000,51
1026,950,50
1026,900,50
1026,850,50
1026,800,50
1026,750,50
1026,700,50
1026,650,50
1026,600,50
1026,550,50
1026,500,50
1026,450,50
1026,400,50
1026,350,50
1026,300,50
1026,250,50
1026,200,37.5
1026,175,25
1026,150,25
1026,125,25
1026,100,22.5
1026,80,15
1026,70,10
1026,60,10
1026,50,10
1026,40,10
1026,30,7.5
1026,25,5
1026,20,2.5
1027,1000,52
1027,950,50
1027,900,50
1027,850,50
1027,800,50
1027,750,50
1027,700,50
1027,650,50
1027,600,50
1027,550,50
1027,500,50
1027,450,50
1027,400,50
1027,350,50
1027,300,50
1027,250,50
1027,200,37.5
1027,175,25
1027,150,25
1027,125,25
1027,100,22.5
1027,80,15
1027,70,10
1027,60,10
1027,50,10
1027,40,10
1027,30,7.5
1027,25,5
1027,20,2.5
1028,1000,53
1028,950,50
1028,900,50
1028,850,50
1028,800,50
1028,750,50
1028,700,50
1028,650,50
1028,600,50
1028,550,50
1028,500,50
1028,450,50
1028,400,50
1028,350,50
1028,300,50
1028,250,50
1028,200,37.5
1028,175,25
1028,150,25
1028,125,25
1028,100,22.5
1028,80,15
1028,70,10
1028,60,10
1028,50,10
1028,40,10
1028,30,7.5
1028,25,5
1028,20,2.5
1029,1000,54
1029,950,50
1029,900,50
1029,850,50
1029,800,50
1029,750,50
1029,700,50
1029,650,50
1029,600,50
1029,550,50
1029,500,50
1029,450,50
1029,400,50
1029,350,50
1029,300,50
1029,250,50
1029,200,37.5
1029,175,25
1029,150,25
1029,125,25
1029,100,22.5
1029,80,15
1029,70,10
1029,60,10
1029,50,10
1029,40,10
1029,30,7.5
1029,25,5
1029,20,2.5
1030,1000,55
1030,950,50
1030,900,50
1030,850,50
1030,800,50
1030,750,50
1030,700,50
1030,650,50
1030,600,50
1030,550,50
1030,500,50
1030,450,50
1030,400,50
1030,350,50
1030,300,50
1030,250,50
1030,200,37.5
1030,175,25
1030,150,25
1030,125,25
1030,100,22.5
1030,80,15
1030,70,10
1030,60,10
1030,50,10
1030,40,10
1030,30,7.5
1030,25,5
1030,20,2.5
1031,1000,56
1031,950,50
1031,900,50
1031,850,50
1031,800,50
1031,750,50
1031,700,50
1031,650,50
1031,600,50
1031,550,50
1031,500,50
1031,450,50
1031,400,50
1031,350,50
1031,300,50
1031,250,50
1031,200,37.5
1031,175,25
1031,150,25
1031,125,25
1031,100,22.5
1031,80,15
1031,70,10
1031,60,10
1031,50,10
1031,40,10
1031,30,7.5
1031,25,5
1031,20,2.5
1032,1000,57
1032,950,50
1032,900,50
1032,850,50
1032,800,50
1032,750,50
1032,700,50
1032,650,50
1032,600,50
1032,550,50
1032,500,50
1032,450,50
1032,400,50
1032,350,50
1032,300,50
1032,250,50
1032,200,37.5
1032,175,25
1032,150,25
1032,125,25
1032,100,22.5
1032,80,15
1032,70,10
1032,60,10
1032,50,10
1032,40,10
1032,30,7.5
1032,25,5
1032,20,2.5
1033,1000,58
1033,950,50
1033,900,50
1033,850,50
1033,800,50
1033,750,50
1033,700,50
1033,650,50
1033,600,50
1033,550,50
1033,500,50
1033,450,50
1033,400,50
1033,350,50
1033,300,50
1033,250,50
1033,200,37.5
1033,175,25
1033,150,25
1033,125,25
1033,100,22.5
1033,80,15
1033,70,10
1033,60,10
1033,50,10
1033,40,10
1033,30,7.5
1033,25,5
1033,20,2.5
1034,1000,59
1034,950,50
1034,900,50
1034,850,50
1034,800,50
1034,750,50
1034,700,50
1034,650,50
1034,600,50
1034,550,50
1034,500,50
1034,450,50
1034,400,50
1034,350,50
1034,300,50
1034,250,50
1034,200,37.5
1034,175,25
1034,150,25
1034,125,25
1034,100,22.5
1034,80,15
1034,70,10
1034,60,10
1034,50,10
1034,40,10
1034,30,7.5
1034,25,5
1034,20,2.5
1035,1000,60
1035,950,50
1035,900,50
1035,850,50
1035,800,50
1035,750,50
1035,700,50
1035,650,50
1035,600,50
1035,550,50
1035,500,50
1035,450,50
1035,400,50
1035,350,50
1035,300,50
1035,250,50
1035,200,37.5
1035,175,25
1035,150,25
1035,125,25
1035,100,22.5
1035,80,15
1035,70,10
1035,60,10
1035,50,10
1035,40,10
1035,30,7.5
1035,25,5
1035,20,2.5
1036,1000,61
1036,950,50
1036,900,50
1036,850,50
1036,800,50
1036,750,50
1036,700,50
1036,650,50
1036,600,50
1036,550,50
1036,500,50
1036,450,50
1036,400,50
1036,350,50
1036,300,50
1036,250,50
1036,200,37.5
1036,175,25
1036,150,25
1036,125,25
1036,100,22.5
1036,80,15
1036,70,10
1036,60,10
1036,50,10
1036,40,10
1036,30,7.5
1036,25,5
1036,20,2.5
1037,1000,62
1037,950,50
1037,900,50
1037,850,50
1037,800,50
1037,750,50
1037,700,50
1037,650,50
1037,600,50
1037,550,50
1037,500,50
1037,450,50
1037,400,50
1037,350,50
1037,300,50
1037,250,50
1037,200,37.5
1037,175,25
1037,150,25
1037,125,25
1037,100,22.5
1037,80,15
1037,70,10
1037,60,10
1037,50,10
1037,40,10
1037,30,7.5
1037,25,5
1037,20,2.5
1038,1000,63
1038,950,50
1038,900,50
1038,850,50
1038,800,50
1038,750,50
1038,700,50
1038,650,50
1038,600,50
1038,550,50
1038,500,50
1038,450,50
1038,400,50
1038,350,50
1038,300,50
1038,250,50
1038,200,37.5
1038,175,25
1038,150,25
1038,125,25
1038,100,22.5
1038,80,15
1038,70,10
1038,60,10
1038,50,10
1038,40,10
1038,30,7.5
1038,25,5
1038,20,2.5
1039,1000,64
1039,950,50
1039,900,50
1039,850,50
1039,800,50
1039,750,50
1039,700,50
1039,650,50
1039,600,50
1039,550,50
1039,500,50
1039,450,50
1039,400,50
1039,350,50
1039,300,50
1039,250,50
1039,200,37.5
1039,175,25
1039,150,25
1039,125,25
1039,100,22.5
1039,80,15
1039,70,10
1039,60,10
1039,50,10
1039,40,10
1039,30,7.5
1039,25,5
1039,20,2.5
1040,1000,65
1040,950,50
1040,900,50
1040,850,50
1040,800,50
1040,750,50
1040,700,50
1040,650,50
1040,600,50
1040,550,50
1040,500,50
1040,450,50
1040,400,50
1040,350,50
1040,300,50
1040,250,50
1040,200,37.5
1040,175,25
1040,150,25
1040,125,25
1040,100,22.5
1040,80,15
1040,70,10
1040,60,10
1040,50,10
1040,40,10
1040,30,7.5
1040,25,5
1040,20,2.5
1041,1000,66
1041,950,50
1041,900,50
1041,850,50
1041,800,50
1041,750,50
1041,700,50
1041,650,50
1041,600,50
1041,550,50
1041,500,50
1041,450,50
1041,400,50
1041,350,50
1041,300,50
1041,250,50
1041,200,37.5
1041,175,25
1041,150,25
1041,125,25
1041,100,22.5
1041,80,15
1041,70,10
1041,60,10
1041,50,10
1041,40,10
1041,30,7.5
1041,25,5
1041,20,2.5
1042,1000,67
1042,950,50
1042,900,50
1042,850,50
1042,800,50
1042,750,50
1042,700,50
1042,650,50
1042,600,50
1042,550,50
1042,500,50
1042,450,50
1042,400,50
1042,350,50
1042,300,50
1042,250,50
1042,200,37.5
1042,175,25
1042,150,25
1042,125,25
1042,100,22.5
1042,80,15
1042,70,10
1042,60,10
1042,50,10
1042,40,10
1042,30,7.5
1042,25,5
1042,20,2.5
1043,1000,68
1043,950,50
1043,900,50
1043,850,50
1043,800,50
1043,750,50
1043,700,50
1043,650,50
1043,600,50
1043,550,50
1043,500,50
1043,450,50
1043,400,50
1043,350,50
1043,300,50
1043,250,50
1043,200,37.5
1043,175,25
1043,150,25
1043,125,25
1043,100,22.5
1043,80,15
1043,70,10
1043,60,10
1043,50,10
1043,40,10
1043,30,7.5
1043,25,5
1043,20,2.5
1044,1000,69
1044,950,50
1044,900,50
1044,850,50
1044,800,50
1044,750,50
1044,700,50
1044,650,50
1044,600,50
1044,550,50
1044,500,50
1044,450,50
1044,400,50
1044,350,50
1044,300,50
1044,250,50
1044,200,37.5
1044,175,25
1044,150,25
1044,125,25
1044,100,22.5
1044,80,15
1044,70,10
1044,60,10
1044,50,10
1044,40,10
1044,30,7.5
1044,25,5
1044,20,2.5
1045,1000,70
1045,950,50
1045,900,50
1045,850,50
1045,800,50
1045,750,50
1045,700,50
1045,650,50
1045,600,50
1045,550,50
1045,500,50
1045,450,50
1045,400,50
1045,350,50
1045,300,50
1045,250,50
1045,200,37.5
1045,175,25
1045,150,25
1045,125,25
1045,100,22.5
1045,80,15
1045,70,10
1045,60,10
1045,50,10
1045,40,10
1045,30,7.5
1045,25,5
1045,20,2.5
1046,1000,71
1046,950,50
1046,900,50
1046,850,50
1046,800,50
1046,750,50
1046,700,50
1046,650,50
1046,600,50
1046,550,50
1046,500,50
1046,450,50
1046,400,50
1046,350,50
1046,300,50
1046,250,50
1046,200,37.5
1046,175,25
1046,150,25
1046,125,25
1046,100,22.5
1046,80,15
1046,70,10
1046,60,10
1046,50,10
1046,40,10
1046,30,7.5
1046,25,5
1046,20,2.5
1047,1000,72
1047,950,50
1047,900,50
1047,850,50
1047,800,50
1047,750,50
1047,700,50
1047,650,50
1047,600,50
1047,550,50
1047,500,50
1047,450,50
1047,400,50
1047,350,50
1047,300,50
1047,250,50
1047,200,37.5
1047,175,25
1047,150,25
1047,125,25
1047,100,22.5
1047,80,15
1047,70,10
1047,60,10
1047,50,10
1047,40,10
1047,30,7.5
1047,25,5
1047,20,2.5
1048,1000,73
1048,950,50
1048,900,50
1048,850,50
1048,800,50
1048,750,50
1048,700,50
1048,650,50
1048,600,50
1048,550,50
1048,500,50
1048,450,50
1048,400,50
1048,350,50
1048,300,50
1048,250,50
1048,200,37.5
1048,175,25
1048,150,25
1048,125,25
1048,100,22.5
1048,80,15
1048,70,10
1048,60,10
1048,50,10
1048,40,10
1048,30,7.5
1048,25,5
1048,20,2.5
1049,1000,74
1049,950,50
1049,900,50
1049,850,50
1049,800,50
1049,750,50
1049,700,50
1049,650,50
1049,600,50
1049,550,50
1049,500,50
1049,450,50
1049,400,50
1049,350,50
1049,300,50
1049,250,50
1049,200,37.5
1049,175,25
1049,150,25
1049,125,25
1049,100,22.5
1049,80,15
1049,70,10
1049,60,10
1049,50,10
1049,40,10
1049,30,7.5
1049,25,5
1049,20,2.5
1050,1000,75
1050,950,50
1050,900,50
1050,850,50
1050,800,50
1050,750,50
1050,700,50
1050,650,50
1050,600,50
1050,550,50
1050,500,50
1050,450,50
1050,400,50
1050,350,50
1050,300,50
1050,250,50
1050,200,37.5
1050,175,25
1050,150,25
1050,125,25
1050,100,22.5
1050,80,15
1050,70,10
1050,60,10
1050,50,10
1050,40,10
1050,30,7.5
1050,25,5
1050,20,2.5
1051,1000,76
1051,950,50
1051,900,50
1051,850,50
1051,800,50
1051,750,50
1051,700,50
1051,650,50
1051,600,50
1051,550,50
1051,500,50
1051,450,50
1051,400,50
1051,350,50
1051,300,50
1051,250,50
1051,200,37.5
1051,175,25
1051,150,25
1051,125,25
1051,100,22.5
1051,80,15
1051,70,10
1051,60,10
1051,50,10
1051,40,10
1051,30,7.5
1051,25,5
1051,20,2.5
1052,1000,77
1052,950,50
1052,900,50
1052,850,50
1052,800,50
1052,750,50
1052,700,50
1052,650,50
1052,600,50
1052,550,50
1052,500,50
1052,450,50
1052,400,50
1052,350,50
1052,300,50
1052,250,50
1052,200,37.5
1052,175,25
1052,150,25
1052,125,25
1052,100,22.5
1052,80,15
1052,70,10
1052,60,10
1052,50,10
1052,40,10
1052,30,7.5
1052,25,5
1052,20,2.5
1053,1000,78
1053,950,50
1053,900,50
1053,850,50
1053,800,50
1053,750,50
1053,700,50
1053,650,50
1053,600,50
1053,550,50
1053,500,50
1053,450,50
1053,400,50
1053,350,50
1053,300,50
1053,250,50
1053,200,37.5
1053,175,25
1053,150,25
1053,125,25
1053,100,22.5
1053,80,15
1053,70,10
1053,60,10
1053,50,10
1053,40,10
1053,30,7.5
1053,25,5
1053,20,2.5
1054,1000,79
1054,950,50
1054,900,50
1054,850,50
1054,800,50
1054,750,50
1054,700,50
1054,650,50
1054,600,50
1054,550,50
1054,500,50
1054,450,50
1054,400,50
1054,350,50
1054,300,50
1054,250,50
1054,200,37.5
1054,175,25
1054,150,25
1054,125,25
1054,100,22.5
1054,80,15
1054,70,10
1054,60,10
1054,50,10
1054,40,10
1054,30,7.5
1054,25,5
1054,20,2.5
1055,1000,80
1055,950,50
1055,900,50
1055,850,50
1055,800,50
1055,750,50
1055,700,50
1055,650,50
1055,600,50
1055,550,50
1055,500,50
1055,450,50
1055,400,50
1055,350,50
1055,300,50
1055,250,50
1055,200,37.5
1055,175,25
1055,150,25
1055,125,25
1055,100,22.5
1055,80,15
1055,70,10
1055,60,10
1055,50,10
1055,40,10
1055,30,7.5
1055,25,5
1055,20,2.5
1056,1000,81
1056,950,50
1056,900,50
1056,850,50
1056,800,50
1056,750,50
1056,700,50
1056,650,50
1056,600,50
1056,550,50
1056,500,50
1056,450,50
1056,400,50
1056,350,50
1056,300,50
1056,250,50
1056,200,37.5
1056,175,25
1056,150,25
1056,125,25
1056,100,22.5
1056,80,15
1056,70,10
1056,60,10
1056,50,10
1056,40,10
1056,30,7.5
1056,25,5
1056,20,2.5
1057,1000,82
1057,950,50
1057,900,50
1057,850,50
1057,800,50
1057,750,50
1057,700,50
1057,650,50
1057,600,50
1057,550,50
1057,500,50
1057,450,50
1057,400,50
1057,350,50
1057,300,50
1057,250,50
1057,200,37.5
1057,175,25
1057,150,25
1057,125,25
1057,100,22.5
1057,80,15
1057,70,10
1057,60,10
1057,50,10
1057,40,10
1057,30,7.5
1057,25,5
1057,20,2.5
1058,1000,83
1058,950,50
1058,900,50
1058,850,50
1058,800,50
1058,750,50
1058,700,50
1058,650,50
1058,600,50
1058,550,50
1058,500,50
1058,450,50
1058,400,50
1058,350,50
1058,300,50
1058,250,50
1058,200,37.5
1058,175,25
1058,150,25
1058,125,25
1058,100,22.5
1058,80,15
1058,70,10
1058,60,10
1058,50,10
1058,40,10
1058,30,7.5
1058,25,5
1058,20,2.5
1059,1000,84
1059,950,50
1059,900,50
1059,850,50
1059,800,50
1059,750,50
1059,700,50
1059,650,50
1059,600,50
1059,550,50
1059,500,50
1059,450,50
1059,400,50
1059,350,50
1059,300,50
1059,250,50
1059,200,37.5
1059,175,25
1059,150,25
1059,125,25
1059,100,22.5
1059,80,15
1059,70,10
1059,60,10
1059,50,10
1059,40,10
1059,30,7.5
1059,25,5
1059,20,2.5
1060,1000,85
1060,950,50
1060,900,50
1060,850,50
1060,800,50
1060,750,50
1060,700,50
1060,650,50
1060,600,50
1060,550,50
1060,500,50
1060,450,50
1060,400,50
1060,350,50
1060,300,50
1060,250,50
1060,200,37.5
1060,175,25
1060,150,25
1060,125,25
1060,100,22.5
1060,80,15
1060,70,10
1060,60,10
1060,50,10
1060,40,10
1060,30,7.5
1060,25,5
1060,20,2.5
1061,1000,86
1061,950,50
1061,900,50
1061,850,50
1061,800,50
1061,750,50
1061,700,50
1061,650,50
1061,600,50
1061,550,50
1061,500,50
1061,450,50
1061,400,50
1061,350,50
1061,300,50
1061,250,50
1061,200,37.5
1061,175,25
1061,150,25
1061,125,25
1061,100,22.5
1061,80,15
1061,70,10
1061,60,10
1061,50,10
1061,40,10
1061,30,7.5
1061,25,5
1061,20,2.5
1062,1000,87
1062,950,50
1062,900,50
1062,850,50
1062,800,50
1062,750,50
1062,700,50
1062,650,50
1062,600,50
1062,550,50
1062,500,50
1062,450,50
1062,400,50
1062,350,50
1062,300,50
1062,250,50
1062,200,37.5
1062,175,25
1062,150,25
1062,125,25
1062,100,22.5
1062,80,15
1062,70,10
1062,60,10
1062,50,10
1062,40,10
1062,30,7.5
1062,25,5
1062,20,2.5
1063,1000,88
1063,950,50
1063,900,50
1063,850,50
1063,800,50
1063,750,50
1063,700,50
1063,650,50
1063,600,50
1063,550,50
1063,500,50
1063,450,50
1063,400,50
1063,350,50
1063,300,50
1063,250,50
1063,200,37.5
1063,175,25
1063,150,25
1063,125,25
1063,100,22.5
1063,80,15
1063,70,10
1063,60,10
1063,50,10
1063,40,10
1063,30,7.5
1063,25,5
1063,20,2.5
1064,1000,89
1064,950,50
1064,900,50
1064,850,50
1064,800,50
1064,750,50
1064,700,50
1064,650,50
1064,600,50
1064,550,50
1064,500,50
1064,450,50
1064,400,50
1064,350,50
1064,300,50
1064,250,50
1064,200,37.5
1064,175,25
1064,150,25
1064,125,25
1064,100,22.5
1064,80,15
1064,70,10
1064,60,10
1064,50,10
1064,40,10
1064,30,7.5
1064,25,5
1064,20,2.5
1065,1000,90
1065,950,50
1065,900,50
1065,850,50
1065,800,50
1065,750,50
1065,700,50
1065,650,50
1065,600,50
1065,550,50
1065,500,50
1065,450,50
1065,400,50
1065,350,50
1065,300,50
1065,250,50
1065,200,37.5
1065,175,25
1065,150,25
1065,125,25
1065,100,22.5
1065,80,15
1065,70,10
1065,60,10
1065,50,10
1065,40,10
1065,30,7.5
1065,25,5
1065,20,2.5
1066,1000,91
1066,950,50
1066,900,50
1066,850,50
1066,800,50
1066,750,50
1066,700,50
1066,650,50
1066,600,50
1066,550,50
1066,500,50
1066,450,50
1066,400,50
1066,350,50
1066,300,50
1066,250,50
1066,200,37.5
1066,175,25
1066,150,25
1066,125,25
1066,100,22.5
1066,80,15
1066,70,10
1066,60,10
1066,50,10
1066,40,10
1066,30,7.5
1066,25,5
1066,20,2.5
1067,1000,92
1067,950,50
1067,900,50
1067,850,50
1067,800,50
1067,750,50
1067,700,50
1067,650,50
1067,600,50
1067,550,50
1067,500,50
1067,450,50
1067,400,50
1067,350,50
1067,300,50
1067,250,50
1067,200,37.5
1067,175,25
1067,150,25
1067,125,25
1067,100,22.5
1067,80,15
1067,70,10
1067,60,10
1067,50,10
1067,40,10
1067,30,7.5
1067,25,5
1067,20,2.5
1068,1000,93
1068,950,50
1068,900,50
1068,850,50
1068,800,50
1068,750,50
1068,700,50
1068,650,50
1068,600,50
1068,550,50
1068,500,50
1068,450,50
1068,400,50
1068,350,50
1068,300,50
1068,250,50
1068,200,37.5
1068,175,25
1068,150,25
1068,125,25
1068,100,22.5
1068,80,15
1068,70,10
1068,60,10
1068,50,10
1068,40,10
1068,30,7.5
1068,25,5
1068,20,2.5
1069,1000,94
1069,950,50
1069,900,50
1069,850,50
1069,800,50
1069,750,50
1069,700,50
1069,650,50
1069,600,50
1069,550,50
1069,500,50
1069,450,50
1069,400,50
1069,350,50
1069,300,50
1069,250,50
1069,200,37.5
1069,175,25
1069,150,25
1069,125,25
1069,100,22.5
1069,80,15
1069,70,10
1069,60,10
1069,50,10
1069,40,10
1069,30,7.5
1069,25,5
1069,20,2.5
1070,1000,95
1070,950,50
1070,900,50
1070,850,50
1070,800,50
1070,750,50
1070,700,50
1070,650,50
1070,600,50
1070,550,50
1070,500,50
1070,450,50
1070,400,50
1070,350,50
1070,300,50
1070,250,50
1070,200,37.5
1070,175,25
1070,150,25
1070,125,25
1070,100,22.5
1070,80,15
1070,70,10
1070,60,10
1070,50,10
1070,40,10
1070,30,7.5
1070,25,5
1070,20,2.5
1071,1000,96
1071,950,50
1071,900,50
1071,850,50
1071,800,50
1071,750,50
1071,700,50
1071,650,50
1071,600,50
1071,550,50
1071,500,50
1071,450,50
1071,400,50
1071,350,50
1071,300,50
1071,250,50
1071,200,37.5
1071,175,25
1071,150,25
1071,125,25
1071,100,22.5
1071,80,15
1071,70,10
1071,60,10
1071,50,10
1071,40,10
1071,30,7.5
1071,25,5
1071,20,2.5
1072,1000,97
1072,950,50
1072,900,50
1072,850,50
1072,800,50
1072,750,50
1072,700,50
1072,650,50
1072,600,50
1072,550,50
1072,500,50
1072,450,50
1072,400,50
1072,350,50
1072,300,50
1072,250,50
1072,200,37.5
1072,175,25
1072,150,25
1072,125,25
1072,100,22.5
1072,80,15
1072,70,10
1072,60,10
1072,50,10
1072,40,10
1072,30,7.5
1072,25,5
1072,20,2.5
1073,1000,98
1073,950,50
1073,900,50
1073,850,50
1073,800,50
1073,750,50
1073,700,50
1073,650,50
1073,600,50
1073,550,50
1073,500,50
1073,450,50
1073,400,50
1073,350,50
1073,300,50
1073,250,50
1073,200,37.5
1073,175,25
1073,150,25
1073,125,25
1073,100,22.5
1073,80,15
1073,70,10
1073,60,10
1073,50,10
1073,40,10
1073,30,7.5
1073,25,5
1073,20,2.5
1074,1000,99
1074,950,50
1074,900,50
1074,850,50
1074,800,50
1074,750,50
1074,700,50
1074,650,50
1074,600,50
1074,550,50
1074,500,50
1074,450,50
1074,400,50
1074,350,50
1074,300,50
1074,250,50
1074,200,37.5
1074,175,25
1074,150,25
1074,125,25
1074,100,22.5
1074,80,15
1074,70,10
1074,60,10
1074,50,10
1074,40,10
1074,30,7.5
1074,25,5
1074,20,2.5
1075,1000,100
1075,950,50
1075,900,50
1075,850,50
1075,800,50
1075,750,50
1075,700,50
1075,650,50
1075,600,50
1075,550,50
1075,500,50
1075,450,50
1075,400,50
1075,350,50
1075,300,50
1075,250,50
1075,200,37.5
1075,175,25
1075,150,25
1075,125,25
1075,100,22.5
1075,80,15
1075,70,10
1075,60,10
1075,50,10
1075,40,10
1075,30,7.5
1075,25,5
1075,20,2.5
1076,1000,101
1076,950,50
1076,900,50
1076,850,50
1076,800,50
1076,750,50
1076,700,50
1076,650,50
1076,600,50
1076,550,50
1076,500,50
1076,450,50
1076,400,50
1076,350,50
1076,300,50
1076,250,50
1076,200,37.5
1076,175,25
1076,150,25
1076,125,25
1076,100,22.5
1076,80,15
1076,70,10
1076,60,10
1076,50,10
1076,40,10
1076,30,7.5
1076,25,5
1076,20,2.5
1077,1000,102
1077,950,50
1077,900,50
1077,850,50
1077,800,50
1077,750,50
1077,700,50
1077,650,50
1077,600,50
1077,550,50
1077,500,50
1077,450,50
1077,400,50
1077,350,50
1077,300,50
1077,250,50
1077,200,37.5
1077,175,25
1077,150,25
1077,125,25
1077,100,22.5
1077,80,15
1077,70,10
1077,60,10
1077,50,10
1077,40,10
1077,30,7.5
1077,25,5
1077,20,2.5
1078,1000,103
1078,950,50
1078,900,50
1078,850,50
1078,800,50
1078,750,50
1078,700,50
1078,650,50
1078,600,50
1078,550,50
1078,500,50
1078,450,50
1078,400,50
1078,350,50
1078,300,50
1078,250,50
1078,200,37.5
1078,175,25
1078,150,25
1078,125,25
1078,100,22.5
1078,80,15
1078,70,10
1078,60,10
1078,50,10
1078,40,10
1078,30,7.5
1078,25,5
1078,20,2.5
1079,1000,104
1079,950,50
1079,900,50
1079,850,50
1079,800,50
1079,750,50
1079,700,50
1079,650,50
1079,600,50
1079,550,50
1079,500,50
1079,450,50
1079,400,50
1079,350,50
1079,300,50
1079,250,50
1079,200,37.5
1079,175,25
1079,150,25
1079,125,25
1079,100,22.5
1079,80,15
1079,70,10
1079,60,10
1079,50,10
1079,40,10
1079,30,7.5
1079,25,5
1079,20,2.5
1080,1000,105
1080,950,50
1080,900,50
1080,850,50
1080,800,50
1080,750,50
1080,700,50
1080,650,50
1080,600,50
1080,550,50
1080,500,50
1080,450,50
1080,400,50
1080,350,50
1080,300,50
1080,250,50
1080,200,37.5
1080,175,25
1080,150,25
1080,125,25
1080,100,22.5
1080,80,15
1080,70,10
1080,60,10
1080,50,10
1080,40,10
1080,30,7.5
1080,25,5
1080,20,2.5
