 Copyright (C) 1995-2019 - All Rights Reserved
 University Corporation for Atmospheric Research
 NCAR Command Language Version 6.6.2
 The use of this software is governed by a License Agreement.
 See http://www.ncl.ucar.edu/ for more details.
Temperature (F), Relative Humidity (%), Heat Index (F)
0,1,0
0,2,0
0,3,0
0,4,0
0,5,0
0,6,0
0,7,0
0,8,0
0,9,0
0,10,0
0,11,0
0,12,0
0,13,0
0,14,0
0,15,0
0,16,0
0,17,0
0,18,0
0,19,0
0,20,0
0,21,0
0,22,0
0,23,0
0,24,0
0,25,0
0,26,0
0,27,0
0,28,0
0,29,0
0,30,0
0,31,0
0,32,0
0,33,0
0,34,0
0,35,0
0,36,0
0,37,0
0,38,0
0,39,0
0,40,0
1,1,1
1,2,1
1,3,1
1,4,1
1,5,1
1,6,1
1,7,1
1,8,1
1,9,1
1,10,1
1,11,1
1,12,1
1,13,1
1,14,1
1,15,1
1,16,1
1,17,1
1,18,1
1,19,1
1,20,1
1,21,1
1,22,1
1,23,1
1,24,1
1,25,1
1,26,1
1,27,1
1,28,1
1,29,1
1,30,1
1,31,1
1,32,1
1,33,1
1,34,1
1,35,1
1,36,1
1,37,1
1,38,1
1,39,1
1,40,1
2,1,2
2,2,2
2,3,2
2,4,2
2,5,2
2,6,2
2,7,2
2,8,2
2,9,2
2,10,2
2,11,2
2,12,2
2,13,2
2,14,2
2,15,2
2,16,2
2,17,2
2,18,2
2,19,2
2,20,2
2,21,2
2,22,2
2,23,2
2,24,2
2,25,2
2,26,2
2,27,2
2,28,2
2,29,2
2,30,2
2,31,2
2,32,2
2,33,2
2,34,2
2,35,2
2,36,2
2,37,2
2,38,2
2,39,2
2,40,2
3,1,3
3,2,3
3,3,3
3,4,3
3,5,3
3,6,3
3,7,3
3,8,3
3,9,3
3,10,3
3,11,3
3,12,3
3,13,3
3,14,3
3,15,3
3,16,3
3,17,3
3,18,3
3,19,3
3,20,3
3,21,3
3,22,3
3,23,3
3,24,3
3,25,3
3,26,3
3,27,3
3,28,3
3,29,3
3,30,3
3,31,3
3,32,3
3,33,3
3,34,3
3,35,3
3,36,3
3,37,3
3,38,3
3,39,3
3,40,3
4,1,4
4,2,4
4,3,4
4,4,4
4,5,4
4,6,4
4,7,4
4,8,4
4,9,4
4,10,4
4,11,4
4,12,4
4,13,4
4,14,4
4,15,4
4,16,4
4,17,4
4,18,4
4,19,4
4,20,4
4,21,4
4,22,4
4,23,4
4,24,4
4,25,4
4,26,4
4,27,4
4,28,4
4,29,4
4,30,4
4,31,4
4,32,4
4,33,4
4,34,4
4,35,4
4,36,4
4,37,4
4,38,4
4,39,4
4,40,4
5,1,5
5,2,5
5,3,5
5,4,5
5,5,5
5,6,5
5,7,5
5,8,5
5,9,5
5,10,5
5,11,5
5,12,5
5,13,5
5,14,5
5,15,5
5,16,5
5,17,5
5,18,5
5,19,5
5,20,5
5,21,5
5,22,5
5,23,5
5,24,5
5,25,5
5,26,5
5,27,5
5,28,5
5,29,5
5,30,5
5,31,5
5,32,5
5,33,5
5,34,5
5,35,5
5,36,5
5,37,5
5,38,5
5,39,5
5,40,5
6,1,6
6,2,6
6,3,6
6,4,6
6,5,6
6,6,6
6,7,6
6,8,6
6,9,6
6,10,6
6,11,6
6,12,6
6,13,6
6,14,6
6,15,6
6,16,6
6,17,6
6,18,6
6,19,6
6,20,6
6,21,6
6,22,6
6,23,6
6,24,6
6,25,6
6,26,6
6,27,6
6,28,6
6,29,6
6,30,6
6,31,6
6,32,6
6,33,6
6,34,6
6,35,6
6,36,6
6,37,6
6,38,6
6,39,6
6,40,6
7,1,7
7,2,7
7,3,7
7,4,7
7,5,7
7,6,7
7,7,7
7,8,7
7,9,7
7,10,7
7,11,7
7,12,7
7,13,7
7,14,7
7,15,7
7,16,7
7,17,7
7,18,7
7,19,7
7,20,7
7,21,7
7,22,7
7,23,7
7,24,7
7,25,7
7,26,7
7,27,7
7,28,7
7,29,7
7,30,7
7,31,7
7,32,7
7,33,7
7,34,7
7,35,7
7,36,7
7,37,7
7,38,7
7,39,7
7,40,7
8,1,8
8,2,8
8,3,8
8,4,8
8,5,8
8,6,8
8,7,8
8,8,8
8,9,8
8,10,8
8,11,8
8,12,8
8,13,8
8,14,8
8,15,8
8,16,8
8,17,8
8,18,8
8,19,8
8,20,8
8,21,8
8,22,8
8,23,8
8,24,8
8,25,8
8,26,8
8,27,8
8,28,8
8,29,8
8,30,8
8,31,8
8,32,8
8,33,8
8,34,8
8,35,8
8,36,8
8,37,8
8,38,8
8,39,8
8,40,8
9,1,9
9,2,9
9,3,9
9,4,9
9,5,9
9,6,9
9,7,9
9,8,9
9,9,9
9,10,9
9,11,9
9,12,9
9,13,9
9,14,9
9,15,9
9,16,9
9,17,9
9,18,9
9,19,9
9,20,9
9,21,9
9,22,9
9,23,9
9,24,9
9,25,9
9,26,9
9,27,9
9,28,9
9,29,9
9,30,9
9,31,9
9,32,9
9,33,9
9,34,9
9,35,9
9,36,9
9,37,9
9,38,9
9,39,9
9,40,9
10,1,10
10,2,10
10,3,10
10,4,10
10,5,10
10,6,10
10,7,10
10,8,10
10,9,10
10,10,10
10,11,10
10,12,10
10,13,10
10,14,10
10,15,10
10,16,10
10,17,10
10,18,10
10,19,10
10,20,10
10,21,10
10,22,10
10,23,10
10,24,10
10,25,10
10,26,10
10,27,10
10,28,10
10,29,10
10,30,10
10,31,10
10,32,10
10,33,10
10,34,10
10,35,10
10,36,10
10,37,10
10,38,10
10,39,10
10,40,10
11,1,11
11,2,11
11,3,11
11,4,11
11,5,11
11,6,11
11,7,11
11,8,11
11,9,11
11,10,11
11,11,11
11,12,11
11,13,11
11,14,11
11,15,11
11,16,11
11,17,11
11,18,11
11,19,11
11,20,11
11,21,11
11,22,11
11,23,11
11,24,11
11,25,11
11,26,11
11,27,11
11,28,11
11,29,11
11,30,11
11,31,11
11,32,11
11,33,11
11,34,11
11,35,11
11,36,11
11,37,11
11,38,11
11,39,11
11,40,11
12,1,12
12,2,12
12,3,12
12,4,12
12,5,12
12,6,12
12,7,12
12,8,12
12,9,12
12,10,12
12,11,12
12,12,12
12,13,12
12,14,12
12,15,12
12,16,12
12,17,12
12,18,12
12,19,12
12,20,12
12,21,12
12,22,12
12,23,12
12,24,12
12,25,12
12,26,12
12,27,12
12,28,12
12,29,12
12,30,12
12,31,12
12,32,12
12,33,12
12,34,12
12,35,12
12,36,12
12,37,12
12,38,12
12,39,12
12,40,12
13,1,13
13,2,13
13,3,13
13,4,13
13,5,13
13,6,13
13,7,13
13,8,13
13,9,13
13,10,13
13,11,13
13,12,13
13,13,13
13,14,13
13,15,13
13,16,13
13,17,13
13,18,13
13,19,13
13,20,13
13,21,13
13,22,13
13,23,13
13,24,13
13,25,13
13,26,13
13,27,13
13,28,13
13,29,13
13,30,13
13,31,13
13,32,13
13,33,13
13,34,13
13,35,13
13,36,13
13,37,13
13,38,13
13,39,13
13,40,13
14,1,14
14,2,14
14,3,14
14,4,14
14,5,14
14,6,14
14,7,14
14,8,14
14,9,14
14,10,14
14,11,14
14,12,14
14,13,14
14,14,14
14,15,14
14,16,14
14,17,14
14,18,14
14,19,14
14,20,14
14,21,14
14,22,14
14,23,14
14,24,14
14,25,14
14,26,14
14,27,14
14,28,14
14,29,14
14,30,14
14,31,14
14,32,14
14,33,14
14,34,14
14,35,14
14,36,14
14,37,14
14,38,14
14,39,14
14,40,14
15,1,15
15,2,15
15,3,15
15,4,15
15,5,15
15,6,15
15,7,15
15,8,15
15,9,15
15,10,15
15,11,15
15,12,15
15,13,15
15,14,15
15,15,15
15,16,15
15,17,15
15,18,15
15,19,15
15,20,15
15,21,15
15,22,15
15,23,15
15,24,15
15,25,15
15,26,15
15,27,15
15,28,15
15,29,15
15,30,15
15,31,15
15,32,15
15,33,15
15,34,15
15,35,15
15,36,15
15,37,15
15,38,15
15,39,15
15,40,15
16,1,16
16,2,16
16,3,16
16,4,16
16,5,16
16,6,16
16,7,16
16,8,16
16,9,16
16,10,16
16,11,16
16,12,16
16,13,16
16,14,16
16,15,16
16,16,16
16,17,16
16,18,16
16,19,16
16,20,16
16,21,16
16,22,16
16,23,16
16,24,16
16,25,16
16,26,16
16,27,16
16,28,16
16,29,16
16,30,16
16,31,16
16,32,16
16,33,16
16,34,16
16,35,16
16,36,16
16,37,16
16,38,16
16,39,16
16,40,16
17,1,17
17,2,17
17,3,17
17,4,17
17,5,17
17,6,17
17,7,17
17,8,17
17,9,17
17,10,17
17,11,17
17,12,17
17,13,17
17,14,17
17,15,17
17,16,17
17,17,17
17,18,17
17,19,17
17,20,17
17,21,17
17,22,17
17,23,17
17,24,17
17,25,17
17,26,17
17,27,17
17,28,17
17,29,17
17,30,17
17,31,17
17,32,17
17,33,17
17,34,17
17,35,17
17,36,17
17,37,17
17,38,17
17,39,17
17,40,17
18,1,18
18,2,18
18,3,18
18,4,18
18,5,18
18,6,18
18,7,18
18,8,18
18,9,18
18,10,18
18,11,18
18,12,18
18,13,18
18,14,18
18,15,18
18,16,18
18,17,18
18,18,18
18,19,18
18,20,18
18,21,18
18,22,18
18,23,18
18,24,18
18,25,18
18,26,18
18,27,18
18,28,18
18,29,18
18,30,18
18,31,18
18,32,18
18,33,18
18,34,18
18,35,18
18,36,18
18,37,18
18,38,18
18,39,18
18,40,18
19,1,19
19,2,19
19,3,19
19,4,19
19,5,19
19,6,19
19,7,19
19,8,19
19,9,19
19,10,19
19,11,19
19,12,19
19,13,19
19,14,19
19,15,19
19,16,19
19,17,19
19,18,19
19,19,19
19,20,19
19,21,19
19,22,19
19,23,19
19,24,19
19,25,19
19,26,19
19,27,19
19,28,19
19,29,19
19,30,19
19,31,19
19,32,19
19,33,19
19,34,19
19,35,19
19,36,19
19,37,19
19,38,19
19,39,19
19,40,19
20,1,20
20,2,20
20,3,20
20,4,20
20,5,20
20,6,20
20,7,20
20,8,20
20,9,20
20,10,20
20,11,20
20,12,20
20,13,20
20,14,20
20,15,20
20,16,20
20,17,20
20,18,20
20,19,20
20,20,20
20,21,20
20,22,20
20,23,20
20,24,20
20,25,20
20,26,20
20,27,20
20,28,20
20,29,20
20,30,20
20,31,20
20,32,20
20,33,20
20,34,20
20,35,20
20,36,20
20,37,20
20,38,20
20,39,20
20,40,20
21,1,21
21,2,21
21,3,21
21,4,21
21,5,21
21,6,21
21,7,21
21,8,21
21,9,21
21,10,21
21,11,21
21,12,21
21,13,21
21,14,21
21,15,21
21,16,21
21,17,21
21,18,21
21,19,21
21,20,21
21,21,21
21,22,21
21,23,21
21,24,21
21,25,21
21,26,21
21,27,21
21,28,21
21,29,21
21,30,21
21,31,21
21,32,21
21,33,21
21,34,21
21,35,21
21,36,21
21,37,21
21,38,21
21,39,21
21,40,21
22,1,22
22,2,22
22,3,22
22,4,22
22,5,22
22,6,22
22,7,22
22,8,22
22,9,22
22,10,22
22,11,22
22,12,22
22,13,22
22,14,22
22,15,22
22,16,22
22,17,22
22,18,22
22,19,22
22,20,22
22,21,22
22,22,22
22,23,22
22,24,22
22,25,22
22,26,22
22,27,22
22,28,22
22,29,22
22,30,22
22,31,22
22,32,22
22,33,22
22,34,22
22,35,22
22,36,22
22,37,22
22,38,22
22,39,22
22,40,22
23,1,23
23,2,23
23,3,23
23,4,23
23,5,23
23,6,23
23,7,23
23,8,23
23,9,23
23,10,23
23,11,23
23,12,23
23,13,23
23,14,23
23,15,23
23,16,23
23,17,23
23,18,23
23,19,23
23,20,23
23,21,23
23,22,23
23,23,23
23,24,23
23,25,23
23,26,23
23,27,23
23,28,23
23,29,23
23,30,23
23,31,23
23,32,23
23,33,23
23,34,23
23,35,23
23,36,23
23,37,23
23,38,23
23,39,23
23,40,23
24,1,24
24,2,24
24,3,24
24,4,24
24,5,24
24,6,24
24,7,24
24,8,24
24,9,24
24,10,24
24,11,24
24,12,24
24,13,24
24,14,24
24,15,24
24,16,24
24,17,24
24,18,24
24,19,24
24,20,24
24,21,24
24,22,24
24,23,24
24,24,24
24,25,24
24,26,24
24,27,24
24,28,24
24,29,24
24,30,24
24,31,24
24,32,24
24,33,24
24,34,24
24,35,24
24,36,24
24,37,24
24,38,24
24,39,24
24,40,24
25,1,25
25,2,25
25,3,25
25,4,25
25,5,25
25,6,25
25,7,25
25,8,25
25,9,25
25,10,25
25,11,25
25,12,25
25,13,25
25,14,25
25,15,25
25,16,25
25,17,25
25,18,25
25,19,25
25,20,25
25,21,25
25,22,25
25,23,25
25,24,25
25,25,25
25,26,25
25,27,25
25,28,25
25,29,25
25,30,25
25,31,25
25,32,25
25,33,25
25,34,25
25,35,25
25,36,25
25,37,25
25,38,25
25,39,25
25,40,25
26,1,26
26,2,26
26,3,26
26,4,26
26,5,26
26,6,26
26,7,26
26,8,26
26,9,26
26,10,26
26,11,26
26,12,26
26,13,26
26,14,26
26,15,26
26,16,26
26,17,26
26,18,26
26,19,26
26,20,26
26,21,26
26,22,26
26,23,26
26,24,26
26,25,26
26,26,26
26,27,26
26,28,26
26,29,26
26,30,26
26,31,26
26,32,26
26,33,26
26,34,26
26,35,26
26,36,26
26,37,26
26,38,26
26,39,26
26,40,26
27,1,27
27,2,27
27,3,27
27,4,27
27,5,27
27,6,27
27,7,27
27,8,27
27,9,27
27,10,27
27,11,27
27,12,27
27,13,27
27,14,27
27,15,27
27,16,27
27,17,27
27,18,27
27,19,27
27,20,27
27,21,27
27,22,27
27,23,27
27,24,27
27,25,27
27,26,27
27,27,27
27,28,27
27,29,27
27,30,27
27,31,27
27,32,27
27,33,27
27,34,27
27,35,27
27,36,27
27,37,27
27,38,27
27,39,27
27,40,27
28,1,28
28,2,28
28,3,28
28,4,28
28,5,28
28,6,28
28,7,28
28,8,28
28,9,28
28,10,28
28,11,28
28,12,28
28,13,28
28,14,28
28,15,28
28,16,28
28,17,28
28,18,28
28,19,28
28,20,28
28,21,28
28,22,28
28,23,28
28,24,28
28,25,28
28,26,28
28,27,28
28,28,28
28,29,28
28,30,28
28,31,28
28,32,28
28,33,28
28,34,28
28,35,28
28,36,28
28,37,28
28,38,28
28,39,28
28,40,28
29,1,29
29,2,29
29,3,29
29,4,29
29,5,29
29,6,29
29,7,29
29,8,29
29,9,29
29,10,29
29,11,29
29,12,29
29,13,29
29,14,29
29,15,29
29,16,29
29,17,29
29,18,29
29,19,29
29,20,29
29,21,29
29,22,29
29,23,29
29,24,29
29,25,29
29,26,29
29,27,29
29,28,29
29,29,29
29,30,29
29,31,29
29,32,29
29,33,29
29,34,29
29,35,29
29,36,29
29,37,29
29,38,29
29,39,29
29,40,29
30,1,30
30,2,30
30,3,30
30,4,30
30,5,30
30,6,30
30,7,30
30,8,30
30,9,30
30,10,30
30,11,30
30,12,30
30,13,30
30,14,30
30,15,30
30,16,30
30,17,30
30,18,30
30,19,30
30,20,30
30,21,30
30,22,30
30,23,30
30,24,30
30,25,30
30,26,30
30,27,30
30,28,30
30,29,30
30,30,30
30,31,30
30,32,30
30,33,30
30,34,30
30,35,30
30,36,30
30,37,30
30,38,30
30,39,30
30,40,30
31,1,31
31,2,31
31,3,31
31,4,31
31,5,31
31,6,31
31,7,31
31,8,31
31,9,31
31,10,31
31,11,31
31,12,31
31,13,31
31,14,31
31,15,31
31,16,31
31,17,31
31,18,31
31,19,31
31,20,31
31,21,31
31,22,31
31,23,31
31,24,31
31,25,31
31,26,31
31,27,31
31,28,31
31,29,31
31,30,31
31,31,31
31,32,31
31,33,31
31,34,31
31,35,31
31,36,31
31,37,31
31,38,31
31,39,31
31,40,31
32,1,32
32,2,32
32,3,32
32,4,32
32,5,32
32,6,32
32,7,32
32,8,32
32,9,32
32,10,32
32,11,32
32,12,32
32,13,32
32,14,32
32,15,32
32,16,32
32,17,32
32,18,32
32,19,32
32,20,32
32,21,32
32,22,32
32,23,32
32,24,32
32,25,32
32,26,32
32,27,32
32,28,32
32,29,32
32,30,32
32,31,32
32,32,32
32,33,32
32,34,32
32,35,32
32,36,32
32,37,32
32,38,32
32,39,32
32,40,32
33,1,33
33,2,33
33,3,33
33,4,33
33,5,33
33,6,33
33,7,33
33,8,33
33,9,33
33,10,33
33,11,33
33,12,33
33,13,33
33,14,33
33,15,33
33,16,33
33,17,33
33,18,33
33,19,33
33,20,33
33,21,33
33,22,33
33,23,33
33,24,33
33,25,33
33,26,33
33,27,33
33,28,33
33,29,33
33,30,33
33,31,33
33,32,33
33,33,33
33,34,33
33,35,33
33,36,33
33,37,33
33,38,33
33,39,33
33,40,33
34,1,34
34,2,34
34,3,34
34,4,34
34,5,34
34,6,34
34,7,34
34,8,34
34,9,34
34,10,34
34,11,34
34,12,34
34,13,34
34,14,34
34,15,34
34,16,34
34,17,34
34,18,34
34,19,34
34,20,34
34,21,34
34,22,34
34,23,34
34,24,34
34,25,34
34,26,34
34,27,34
34,28,34
34,29,34
34,30,34
34,31,34
34,32,34
34,33,34
34,34,34
34,35,34
34,36,34
34,37,34
34,38,34
34,39,34
34,40,34
35,1,35
35,2,35
35,3,35
35,4,35
35,5,35
35,6,35
35,7,35
35,8,35
35,9,35
35,10,35
35,11,35
35,12,35
35,13,35
35,14,35
35,15,35
35,16,35
35,17,35
35,18,35
35,19,35
35,20,35
35,21,35
35,22,35
35,23,35
35,24,35
35,25,35
35,26,35
35,27,35
35,28,35
35,29,35
35,30,35
35,31,35
35,32,35
35,33,35
35,34,35
35,35,35
35,36,35
35,37,35
35,38,35
35,39,35
35,40,35
36,1,36
36,2,36
36,3,36
36,4,36
36,5,36
36,6,36
36,7,36
36,8,36
36,9,36
36,10,36
36,11,36
36,12,36
36,13,36
36,14,36
36,15,36
36,16,36
36,17,36
36,18,36
36,19,36
36,20,36
36,21,36
36,22,36
36,23,36
36,24,36
36,25,36
36,26,36
36,27,36
36,28,36
36,29,36
36,30,36
36,31,36
36,32,36
36,33,36
36,34,36
36,35,36
36,36,36
36,37,36
36,38,36
36,39,36
36,40,36
37,1,37
37,2,37
37,3,37
37,4,37
37,5,37
37,6,37
37,7,37
37,8,37
37,9,37
37,10,37
37,11,37
37,12,37
37,13,37
37,14,37
37,15,37
37,16,37
37,17,37
37,18,37
37,19,37
37,20,37
37,21,37
37,22,37
37,23,37
37,24,37
37,25,37
37,26,37
37,27,37
37,28,37
37,29,37
37,30,37
37,31,37
37,32,37
37,33,37
37,34,37
37,35,37
37,36,37
37,37,37
37,38,37
37,39,37
37,40,37
38,1,38
38,2,38
38,3,38
38,4,38
38,5,38
38,6,38
38,7,38
38,8,38
38,9,38
38,10,38
38,11,38
38,12,38
38,13,38
38,14,38
38,15,38
38,16,38
38,17,38
38,18,38
38,19,38
38,20,38
38,21,38
38,22,38
38,23,38
38,24,38
38,25,38
38,26,38
38,27,38
38,28,38
38,29,38
38,30,38
38,31,38
38,32,38
38,33,38
38,34,38
38,35,38
38,36,38
38,37,38
38,38,38
38,39,38
38,40,38
39,1,39
39,2,39
39,3,39
39,4,39
39,5,39
39,6,39
39,7,39
39,8,39
39,9,39
39,10,39
39,11,39
39,12,39
39,13,39
39,14,39
39,15,39
39,16,39
39,17,39
39,18,39
39,19,39
39,20,39
39,21,39
39,22,39
39,23,39
39,24,39
39,25,39
39,26,39
39,27,39
39,28,39
39,29,39
39,30,39
39,31,39
39,32,39
39,33,39
39,34,39
39,35,39
39,36,39
39,37,39
39,38,39
39,39,39
39,40,39
40,1,40
40,2,40
40,3,40
40,4,40
40,5,40
40,6,40
40,7,40
40,8,40
40,9,40
40,10,40
40,11,40
40,12,40
40,13,40
40,14,40
40,15,40
40,16,40
40,17,40
40,18,40
40,19,40
40,20,40
40,21,40
40,22,40
40,23,40
40,24,40
40,25,40
40,26,40
40,27,40
40,28,40
40,29,40
40,30,40
40,31,40
40,32,40
40,33,40
40,34,40
40,35,40
40,36,40
40,37,40
40,38,40
40,39,40
40,40,40
41,1,37.9235
41,2,37.947
41,3,37.9705
41,4,37.994
41,5,38.0175
41,6,38.041
41,7,38.0645
41,8,38.088
41,9,38.1115
41,10,38.135
41,11,38.1585
41,12,38.182
41,13,38.2055
41,14,38.229
41,15,38.2525
41,16,38.276
41,17,38.2995
41,18,38.323
41,19,38.3465
41,20,38.37
41,21,38.3935
41,22,38.417
41,23,38.4405
41,24,38.464
41,25,38.4875
41,26,38.511
41,27,38.5345
41,28,38.558
41,29,38.5815
41,30,38.605
41,31,38.6285
41,32,38.652
41,33,38.6755
41,34,38.699
41,35,38.7225
41,36,38.746
41,37,38.7695
41,38,38.793
41,39,38.8165
41,40,38.84
42,1,38.9735
42,2,38.997
42,3,39.0205
42,4,39.044
42,5,39.0675
42,6,39.091
42,7,39.1145
42,8,39.138
42,9,39.1615
42,10,39.185
42,11,39.2085
42,12,39.232
42,13,39.2555
42,14,39.279
42,15,39.3025
42,16,39.326
42,17,39.3495
42,18,39.373
42,19,39.3965
42,20,39.42
42,21,39.4435
42,22,39.467
42,23,39.4905
42,24,39.514
42,25,39.5375
42,26,39.561
42,27,39.5845
42,28,39.608
42,29,39.6315
42,30,39.655
42,31,39.6785
42,32,39.702
42,33,39.7255
42,34,39.749
42,35,39.7725
42,36,39.796
42,37,39.8195
42,38,39.843
42,39,39.8665
42,40,39.89
43,1,40.0235
43,2,40.047
43,3,40.0705
43,4,40.094
43,5,40.1175
43,6,40.141
43,7,40.1645
43,8,40.188
43,9,40.2115
43,10,40.235
43,11,40.2585
43,12,40.282
43,13,40.3055
43,14,40.329
43,15,40.3525
43,16,40.376
43,17,40.3995
43,18,40.423
43,19,40.4465
43,20,40.47
43,21,40.4935
43,22,40.517
43,23,40.5405
43,24,40.564
43,25,40.5875
43,26,40.611
43,27,40.6345
43,28,40.658
43,29,40.6815
43,30,40.705
43,31,40.7285
43,32,40.752
43,33,40.7755
43,34,40.799
43,35,40.8225
43,36,40.846
43,37,40.8695
43,38,40.893
43,39,40.9165
43,40,40.94
44,1,41.0735
44,2,41.097
44,3,41.1205
44,4,41.144
44,5,41.1675
44,6,41.191
44,7,41.2145
44,8,41.238
44,9,41.2615
44,10,41.285
44,11,41.3085
44,12,41.332
44,13,41.3555
44,14,41.379
44,15,41.4025
44,16,41.426
44,17,41.4495
44,18,41.473
44,19,41.4965
44,20,41.52
44,21,41.5435
44,22,41.567
44,23,41.5905
44,24,41.614
44,25,41.6375
44,26,41.661
44,27,41.6845
44,28,41.708
44,29,41.7315
44,30,41.755
44,31,41.7785
44,32,41.802
44,33,41.8255
44,34,41.849
44,35,41.8725
44,36,41.896
44,37,41.9195
44,38,41.943
44,39,41.9665
44,40,41.99
45,1,42.1235
45,2,42.147
45,3,42.1705
45,4,42.194
45,5,42.2175
45,6,42.241
45,7,42.2645
45,8,42.288
45,9,42.3115
45,10,42.335
45,11,42.3585
45,12,42.382
45,13,42.4055
45,14,42.429
45,15,42.4525
45,16,42.476
45,17,42.4995
45,18,42.523
45,19,42.5465
45,20,42.57
45,21,42.5935
45,22,42.617
45,23,42.6405
45,24,42.664
45,25,42.6875
45,26,42.711
45,27,42.7345
45,28,42.758
45,29,42.7815
45,30,42.805
45,31,42.8285
45,32,42.852
45,33,42.8755
45,34,42.899
45,35,42.9225
45,36,42.946
45,37,42.9695
45,38,42.993
45,39,43.0165
45,40,43.04
46,1,43.1735
46,2,43.197
46,3,43.2205
46,4,43.244
46,5,43.2675
46,6,43.291
46,7,43.3145
46,8,43.338
46,9,43.3615
46,10,43.385
46,11,43.4085
46,12,43.432
46,13,43.4555
46,14,43.479
46,15,43.5025
46,16,43.526
46,17,43.5495
46,18,43.573
46,19,43.5965
46,20,43.62
46,21,43.6435
46,22,43.667
46,23,43.6905
46,24,43.714
46,25,43.7375
46,26,43.761
46,27,43.7845
46,28,43.808
46,29,43.8315
46,30,43.855
46,31,43.8785
46,32,43.902
46,33,43.9255
46,34,43.949
46,35,43.9725
46,36,43.996
46,37,44.0195
46,38,44.043
46,39,44.0665
46,40,44.09
47,1,44.2235
47,2,44.247
47,3,44.2705
47,4,44.294
47,5,44.3175
47,6,44.341
47,7,44.3645
47,8,44.388
47,9,44.4115
47,10,44.435
47,11,44.4585
47,12,44.482
47,13,44.5055
47,14,44.529
47,15,44.5525
47,16,44.576
47,17,44.5995
47,18,44.623
47,19,44.6465
47,20,44.67
47,21,44.6935
47,22,44.717
47,23,44.7405
47,24,44.764
47,25,44.7875
47,26,44.811
47,27,44.8345
47,28,44.858
47,29,44.8815
47,30,44.905
47,31,44.9285
47,32,44.952
47,33,44.9755
47,34,44.999
47,35,45.0225
47,36,45.046
47,37,45.0695
47,38,45.093
47,39,45.1165
47,40,45.14
48,1,45.2735
48,2,45.297
48,3,45.3205
48,4,45.344
48,5,45.3675
48,6,45.391
48,7,45.4145
48,8,45.438
48,9,45.4615
48,10,45.485
48,11,45.5085
48,12,45.532
48,13,45.5555
48,14,45.579
48,15,45.6025
48,16,45.626
48,17,45.6495
48,18,45.673
48,19,45.6965
48,20,45.72
48,21,45.7435
48,22,45.767
48,23,45.7905
48,24,45.814
48,25,45.8375
48,26,45.861
48,27,45.8845
48,28,45.908
48,29,45.9315
48,30,45.955
48,31,45.9785
48,32,46.002
48,33,46.0255
48,34,46.049
48,35,46.0725
48,36,46.096
48,37,46.1195
48,38,46.143
48,39,46.1665
48,40,46.19
49,1,46.3235
49,2,46.347
49,3,46.3705
49,4,46.394
49,5,46.4175
49,6,46.441
49,7,46.4645
49,8,46.488
49,9,46.5115
49,10,46.535
49,11,46.5585
49,12,46.582
49,13,46.6055
49,14,46.629
49,15,46.6525
49,16,46.676
49,17,46.6995
49,18,46.723
49,19,46.7465
49,20,46.77
49,21,46.7935
49,22,46.817
49,23,46.8405
49,24,46.864
49,25,46.8875
49,26,46.911
49,27,46.9345
49,28,46.958
49,29,46.9815
49,30,47.005
49,31,47.0285
49,32,47.052
49,33,47.0755
49,34,47.099
49,35,47.1225
49,36,47.146
49,37,47.1695
49,38,47.193
49,39,47.2165
49,40,47.24
50,1,47.3735
50,2,47.397
50,3,47.4205
50,4,47.444
50,5,47.4675
50,6,47.491
50,7,47.5145
50,8,47.538
50,9,47.5615
50,10,47.585
50,11,47.6085
50,12,47.632
50,13,47.6555
50,14,47.679
50,15,47.7025
50,16,47.726
50,17,47.7495
50,18,47.773
50,19,47.7965
50,20,47.82
50,21,47.8435
50,22,47.867
50,23,47.8905
50,24,47.914
50,25,47.9375
50,26,47.961
50,27,47.9845
50,28,48.008
50,29,48.0315
50,30,48.055
50,31,48.0785
50,32,48.102
50,33,48.1255
50,34,48.149
50,35,48.1725
50,36,48.196
50,37,48.2195
50,38,48.243
50,39,48.2665
50,40,48.29
51,1,48.4235
51,2,48.447
51,3,48.4705
51,4,48.494
51,5,48.5175
51,6,48.541
51,7,48.5645
51,8,48.588
51,9,48.6115
51,10,48.635
51,11,48.6585
51,12,48.682
51,13,48.7055
51,14,48.729
51,15,48.7525
51,16,48.776
51,17,48.7995
51,18,48.823
51,19,48.8465
51,20,48.87
51,21,48.8935
51,22,48.917
51,23,48.9405
51,24,48.964
51,25,48.9875
51,26,49.011
51,27,49.0345
51,28,49.058
51,29,49.0815
51,30,49.105
51,31,49.1285
51,32,49.152
51,33,49.1755
51,34,49.199
51,35,49.2225
51,36,49.246
51,37,49.2695
51,38,49.293
51,39,49.3165
51,40,49.34
52,1,49.4735
52,2,49.497
52,3,49.5205
52,4,49.544
52,5,49.5675
52,6,49.591
52,7,49.6145
52,8,49.638
52,9,49.6615
52,10,49.685
52,11,49.7085
52,12,49.732
52,13,49.7555
52,14,49.779
52,15,49.8025
52,16,49.826
52,17,49.8495
52,18,49.873
52,19,49.8965
52,20,49.92
52,21,49.9435
52,22,49.967
52,23,49.9905
52,24,50.014
52,25,50.0375
52,26,50.061
52,27,50.0845
52,28,50.108
52,29,50.1315
52,30,50.155
52,31,50.1785
52,32,50.202
52,33,50.2255
52,34,50.249
52,35,50.2725
52,36,50.296
52,37,50.3195
52,38,50.343
52,39,50.3665
52,40,50.39
53,1,50.5235
53,2,50.547
53,3,50.5705
53,4,50.594
53,5,50.6175
53,6,50.641
53,7,50.6645
53,8,50.688
53,9,50.7115
53,10,50.735
53,11,50.7585
53,12,50.782
53,13,50.8055
53,14,50.829
53,15,50.8525
53,16,50.876
53,17,50.8995
53,18,50.923
53,19,50.9465
53,20,50.97
53,21,50.9935
53,22,51.017
53,23,51.0405
53,24,51.064
53,25,51.0875
53,26,51.111
53,27,51.1345
53,28,51.158
53,29,51.1815
53,30,51.205
53,31,51.2285
53,32,51.252
53,33,51.2755
53,34,51.299
53,35,51.3225
53,36,51.346
53,37,51.3695
53,38,51.393
53,39,51.4165
53,40,51.44
54,1,51.5735
54,2,51.597
54,3,51.6205
54,4,51.644
54,5,51.6675
54,6,51.691
54,7,51.7145
54,8,51.738
54,9,51.7615
54,10,51.785
54,11,51.8085
54,12,51.832
54,13,51.8555
54,14,51.879
54,15,51.9025
54,16,51.926
54,17,51.9495
54,18,51.973
54,19,51.9965
54,20,52.02
54,21,52.0435
54,22,52.067
54,23,52.0905
54,24,52.114
54,25,52.1375
54,26,52.161
54,27,52.1845
54,28,52.208
54,29,52.2315
54,30,52.255
54,31,52.2785
54,32,52.302
54,33,52.3255
54,34,52.349
54,35,52.3725
54,36,52.396
54,37,52.4195
54,38,52.443
54,39,52.4665
54,40,52.49
55,1,52.6235
55,2,52.647
55,3,52.6705
55,4,52.694
55,5,52.7175
55,6,52.741
55,7,52.7645
55,8,52.788
55,9,52.8115
55,10,52.835
55,11,52.8585
55,12,52.882
55,13,52.9055
55,14,52.929
55,15,52.9525
55,16,52.976
55,17,52.9995
55,18,53.023
55,19,53.0465
55,20,53.07
55,21,53.0935
55,22,53.117
55,23,53.1405
55,24,53.164
55,25,53.1875
55,26,53.211
55,27,53.2345
55,28,53.258
55,29,53.2815
55,30,53.305
55,31,53.3285
55,32,53.352
55,33,53.3755
55,34,53.399
55,35,53.4225
55,36,53.446
55,37,53.4695
55,38,53.493
55,39,53.5165
55,40,53.54
56,1,53.6735
56,2,53.697
56,3,53.7205
56,4,53.744
56,5,53.7675
56,6,53.791
56,7,53.8145
56,8,53.838
56,9,53.8615
56,10,53.885
56,11,53.9085
56,12,53.932
56,13,53.9555
56,14,53.979
56,15,54.0025
56,16,54.026
56,17,54.0495
56,18,54.073
56,19,54.0965
56,20,54.12
56,21,54.1435
56,22,54.167
56,23,54.1905
56,24,54.214
56,25,54.2375
56,26,54.261
56,27,54.2845
56,28,54.308
56,29,54.3315
56,30,54.355
56,31,54.3785
56,32,54.402
56,33,54.4255
56,34,54.449
56,35,54.4725
56,36,54.496
56,37,54.5195
56,38,54.543
56,39,54.5665
56,40,54.59
57,1,54.7235
57,2,54.747
57,3,54.7705
57,4,54.794
57,5,54.8175
57,6,54.841
57,7,54.8645
57,8,54.888
57,9,54.9115
57,10,54.935
57,11,54.9585
57,12,54.982
57,13,55.0055
57,14,55.029
57,15,55.0525
57,16,55.076
57,17,55.0995
57,18,55.123
57,19,55.1465
57,20,55.17
57,21,55.1935
57,22,55.217
57,23,55.2405
57,24,55.264
57,25,55.2875
57,26,55.311
57,27,55.3345
57,28,55.358
57,29,55.3815
57,30,55.405
57,31,55.4285
57,32,55.452
57,33,55.4755
57,34,55.499
57,35,55.5225
57,36,55.546
57,37,55.5695
57,38,55.593
57,39,55.6165
57,40,55.64
58,1,55.7735
58,2,55.797
58,3,55.8205
58,4,55.844
58,5,55.8675
58,6,55.891
58,7,55.9145
58,8,55.938
58,9,55.9615
58,10,55.985
58,11,56.0085
58,12,56.032
58,13,56.0555
58,14,56.079
58,15,56.1025
58,16,56.126
58,17,56.1495
58,18,56.173
58,19,56.1965
58,20,56.22
58,21,56.2435
58,22,56.267
58,23,56.2905
58,24,56.314
58,25,56.3375
58,26,56.361
58,27,56.3845
58,28,56.408
58,29,56.4315
58,30,56.455
58,31,56.4785
58,32,56.502
58,33,56.5255
58,34,56.549
58,35,56.5725
58,36,56.596
58,37,56.6195
58,38,56.643
58,39,56.6665
58,40,56.69
59,1,56.8235
59,2,56.847
59,3,56.8705
59,4,56.894
59,5,56.9175
59,6,56.941
59,7,56.9645
59,8,56.988
59,9,57.0115
59,10,57.035
59,11,57.0585
59,12,57.082
59,13,57.1055
59,14,57.129
59,15,57.1525
59,16,57.176
59,17,57.1995
59,18,57.223
59,19,57.2465
59,20,57.27
59,21,57.2935
59,22,57.317
59,23,57.3405
59,24,57.364
59,25,57.3875
59,26,57.411
59,27,57.4345
59,28,57.458
59,29,57.4815
59,30,57.505
59,31,57.5285
59,32,57.552
59,33,57.5755
59,34,57.599
59,35,57.6225
59,36,57.646
59,37,57.6695
59,38,57.693
59,39,57.7165
59,40,57.74
60,1,57.8735
60,2,57.897
60,3,57.9205
60,4,57.944
60,5,57.9675
60,6,57.991
60,7,58.0145
60,8,58.038
60,9,58.0615
60,10,58.085
60,11,58.1085
60,12,58.132
60,13,58.1555
60,14,58.179
60,15,58.2025
60,16,58.226
60,17,58.2495
60,18,58.273
60,19,58.2965
60,20,58.32
60,21,58.3435
60,22,58.367
60,23,58.3905
60,24,58.414
60,25,58.4375
60,26,58.461
60,27,58.4845
60,28,58.508
60,29,58.5315
60,30,58.555
60,31,58.5785
60,32,58.602
60,33,58.6255
60,34,58.649
60,35,58.6725
60,36,58.696
60,37,58.7195
60,38,58.743
60,39,58.7665
60,40,58.79
61,1,58.9235
61,2,58.947
61,3,58.9705
61,4,58.994
61,5,59.0175
61,6,59.041
61,7,59.0645
61,8,59.088
61,9,59.1115
61,10,59.135
61,11,59.1585
61,12,59.182
61,13,59.2055
61,14,59.229
61,15,59.2525
61,16,59.276
61,17,59.2995
61,18,59.323
61,19,59.3465
61,20,59.37
61,21,59.3935
61,22,59.417
61,23,59.4405
61,24,59.464
61,25,59.4875
61,26,59.511
61,27,59.5345
61,28,59.558
61,29,59.5815
61,30,59.605
61,31,59.6285
61,32,59.652
61,33,59.6755
61,34,59.699
61,35,59.7225
61,36,59.746
61,37,59.7695
61,38,59.793
61,39,59.8165
61,40,59.84
62,1,59.9735
62,2,59.997
62,3,60.0205
62,4,60.044
62,5,60.0675
62,6,60.091
62,7,60.1145
62,8,60.138
62,9,60.1615
62,10,60.185
62,11,60.2085
62,12,60.232
62,13,60.2555
62,14,60.279
62,15,60.3025
62,16,60.326
62,17,60.3495
62,18,60.373
62,19,60.3965
62,20,60.42
62,21,60.4435
62,22,60.467
62,23,60.4905
62,24,60.514
62,25,60.5375
62,26,60.561
62,27,60.5845
62,28,60.608
62,29,60.6315
62,30,60.655
62,31,60.6785
62,32,60.702
62,33,60.7255
62,34,60.749
62,35,60.7725
62,36,60.796
62,37,60.8195
62,38,60.843
62,39,60.8665
62,40,60.89
63,1,61.0235
63,2,61.047
63,3,61.0705
63,4,61.094
63,5,61.1175
63,6,61.141
63,7,61.1645
63,8,61.188
63,9,61.2115
63,10,61.235
63,11,61.2585
63,12,61.282
63,13,61.3055
63,14,61.329
63,15,61.3525
63,16,61.376
63,17,61.3995
63,18,61.423
63,19,61.4465
63,20,61.47
63,21,61.4935
63,22,61.517
63,23,61.5405
63,24,61.564
63,25,61.5875
63,26,61.611
63,27,61.6345
63,28,61.658
63,29,61.6815
63,30,61.705
63,31,61.7285
63,32,61.752
63,33,61.7755
63,34,61.799
63,35,61.8225
63,36,61.846
63,37,61.8695
63,38,61.893
63,39,61.9165
63,40,61.94
64,1,62.0735
64,2,62.097
64,3,62.1205
64,4,62.144
64,5,62.1675
64,6,62.191
64,7,62.2145
64,8,62.238
64,9,62.2615
64,10,62.285
64,11,62.3085
64,12,62.332
64,13,62.3555
64,14,62.379
64,15,62.4025
64,16,62.426
64,17,62.4495
64,18,62.473
64,19,62.4965
64,20,62.52
64,21,62.5435
64,22,62.567
64,23,62.5905
64,24,62.614
64,25,62.6375
64,26,62.661
64,27,62.6845
64,28,62.708
64,29,62.7315
64,30,62.755
64,31,62.7785
64,32,62.802
64,33,62.8255
64,34,62.849
64,35,62.8725
64,36,62.896
64,37,62.9195
64,38,62.943
64,39,62.9665
64,40,62.99
65,1,63.1235
65,2,63.147
65,3,63.1705
65,4,63.194
65,5,63.2175
65,6,63.241
65,7,63.2645
65,8,63.288
65,9,63.3115
65,10,63.335
65,11,63.3585
65,12,63.382
65,13,63.4055
65,14,63.429
65,15,63.4525
65,16,63.476
65,17,63.4995
65,18,63.523
65,19,63.5465
65,20,63.57
65,21,63.5935
65,22,63.617
65,23,63.6405
65,24,63.664
65,25,63.6875
65,26,63.711
65,27,63.7345
65,28,63.758
65,29,63.7815
65,30,63.805
65,31,63.8285
65,32,63.852
65,33,63.8755
65,34,63.899
65,35,63.9225
65,36,63.946
65,37,63.9695
65,38,63.993
65,39,64.0165
65,40,64.04
66,1,64.1735
66,2,64.197
66,3,64.2205
66,4,64.244
66,5,64.2675
66,6,64.291
66,7,64.3145
66,8,64.338
66,9,64.3615
66,10,64.385
66,11,64.4085
66,12,64.432
66,13,64.4555
66,14,64.479
66,15,64.5025
66,16,64.526
66,17,64.5495
66,18,64.573
66,19,64.5965
66,20,64.62
66,21,64.6435
66,22,64.667
66,23,64.6905
66,24,64.714
66,25,64.7375
66,26,64.761
66,27,64.7845
66,28,64.808
66,29,64.8315
66,30,64.855
66,31,64.8785
66,32,64.902
66,33,64.9255
66,34,64.949
66,35,64.9725
66,36,64.996
66,37,65.0195
66,38,65.043
66,39,65.0665
66,40,65.09
67,1,65.2235
67,2,65.247
67,3,65.2705
67,4,65.294
67,5,65.3175
67,6,65.341
67,7,65.3645
67,8,65.388
67,9,65.4115
67,10,65.435
67,11,65.4585
67,12,65.482
67,13,65.5055
67,14,65.529
67,15,65.5525
67,16,65.576
67,17,65.5995
67,18,65.623
67,19,65.6465
67,20,65.67
67,21,65.6935
67,22,65.717
67,23,65.7405
67,24,65.764
67,25,65.7875
67,26,65.811
67,27,65.8345
67,28,65.858
67,29,65.8815
67,30,65.905
67,31,65.9285
67,32,65.952
67,33,65.9755
67,34,65.999
67,35,66.0225
67,36,66.046
67,37,66.0695
67,38,66.093
67,39,66.1165
67,40,66.14
68,1,66.2735
68,2,66.297
68,3,66.3205
68,4,66.344
68,5,66.3675
68,6,66.391
68,7,66.4145
68,8,66.438
68,9,66.4615
68,10,66.485
68,11,66.5085
68,12,66.532
68,13,66.5555
68,14,66.579
68,15,66.6025
68,16,66.626
68,17,66.6495
68,18,66.673
68,19,66.6965
68,20,66.72
68,21,66.7435
68,22,66.767
68,23,66.7905
68,24,66.814
68,25,66.8375
68,26,66.861
68,27,66.8845
68,28,66.908
68,29,66.9315
68,30,66.955
68,31,66.9785
68,32,67.002
68,33,67.0255
68,34,67.049
68,35,67.0725
68,36,67.096
68,37,67.1195
68,38,67.143
68,39,67.1665
68,40,67.19
69,1,67.3235
69,2,67.347
69,3,67.3705
69,4,67.394
69,5,67.4175
69,6,67.441
69,7,67.4645
69,8,67.488
69,9,67.5115
69,10,67.535
69,11,67.5585
69,12,67.582
69,13,67.6055
69,14,67.629
69,15,67.6525
69,16,67.676
69,17,67.6995
69,18,67.723
69,19,67.7465
69,20,67.77
69,21,67.7935
69,22,67.817
69,23,67.8405
69,24,67.864
69,25,67.8875
69,26,67.911
69,27,67.9345
69,28,67.958
69,29,67.9815
69,30,68.005
69,31,68.0285
69,32,68.052
69,33,68.0755
69,34,68.099
69,35,68.1225
69,36,68.146
69,37,68.1695
69,38,68.193
69,39,68.2165
69,40,68.24
70,1,68.3735
70,2,68.397
70,3,68.4205
70,4,68.444
70,5,68.4675
70,6,68.491
70,7,68.5145
70,8,68.538
70,9,68.5615
70,10,68.585
70,11,68.6085
70,12,68.632
70,13,68.6555
70,14,68.679
70,15,68.7025
70,16,68.726
70,17,68.7495
70,18,68.773
70,19,68.7965
70,20,68.82
70,21,68.8435
70,22,68.867
70,23,68.8905
70,24,68.914
70,25,68.9375
70,26,68.961
70,27,68.9845
70,28,69.008
70,29,69.0315
70,30,69.055
70,31,69.0785
70,32,69.102
70,33,69.1255
70,34,69.149
70,35,69.1725
70,36,69.196
70,37,69.2195
70,38,69.243
70,39,69.2665
70,40,69.29
71,1,69.4235
71,2,69.447
71,3,69.4705
71,4,69.494
71,5,69.5175
71,6,69.541
71,7,69.5645
71,8,69.588
71,9,69.6115
71,10,69.635
71,11,69.6585
71,12,69.682
71,13,69.7055
71,14,69.729
71,15,69.7525
71,16,69.776
71,17,69.7995
71,18,69.823
71,19,69.8465
71,20,69.87
71,21,69.8935
71,22,69.917
71,23,69.9405
71,24,69.964
71,25,69.9875
71,26,70.011
71,27,70.0345
71,28,70.058
71,29,70.0815
71,30,70.105
71,31,70.1285
71,32,70.152
71,33,70.1755
71,34,70.199
71,35,70.2225
71,36,70.246
71,37,70.2695
71,38,70.293
71,39,70.3165
71,40,70.34
72,1,70.4735
72,2,70.497
72,3,70.5205
72,4,70.544
72,5,70.5675
72,6,70.591
72,7,70.6145
72,8,70.638
72,9,70.6615
72,10,70.685
72,11,70.7085
72,12,70.732
72,13,70.7555
72,14,70.779
72,15,70.8025
72,16,70.826
72,17,70.8495
72,18,70.873
72,19,70.8965
72,20,70.92
72,21,70.9435
72,22,70.967
72,23,70.9905
72,24,71.014
72,25,71.0375
72,26,71.061
72,27,71.0845
72,28,71.108
72,29,71.1315
72,30,71.155
72,31,71.1785
72,32,71.202
72,33,71.2255
72,34,71.249
72,35,71.2725
72,36,71.296
72,37,71.3195
72,38,71.343
72,39,71.3665
72,40,71.39
73,1,71.5235
73,2,71.547
73,3,71.5705
73,4,71.594
73,5,71.6175
73,6,71.641
73,7,71.6645
73,8,71.688
73,9,71.7115
73,10,71.735
73,11,71.7585
73,12,71.782
73,13,71.8055
73,14,71.829
73,15,71.8525
73,16,71.876
73,17,71.8995
73,18,71.923
73,19,71.9465
73,20,71.97
73,21,71.9935
73,22,72.017
73,23,72.0405
73,24,72.064
73,25,72.0875
73,26,72.111
73,27,72.1345
73,28,72.158
73,29,72.1815
73,30,72.205
73,31,72.2285
73,32,72.252
73,33,72.2755
73,34,72.299
73,35,72.3225
73,36,72.346
73,37,72.3695
73,38,72.393
73,39,72.4165
73,40,72.44
74,1,72.5735
74,2,72.597
74,3,72.6205
74,4,72.644
74,5,72.6675
74,6,72.691
74,7,72.7145
74,8,72.738
74,9,72.7615
74,10,72.785
74,11,72.8085
74,12,72.832
74,13,72.8555
74,14,72.879
74,15,72.9025
74,16,72.926
74,17,72.9495
74,18,72.973
74,19,72.9965
74,20,73.02
74,21,73.0435
74,22,73.067
74,23,73.0905
74,24,73.114
74,25,73.1375
74,26,73.161
74,27,73.1845
74,28,73.208
74,29,73.2315
74,30,73.255
74,31,73.2785
74,32,73.302
74,33,73.3255
74,34,73.349
74,35,73.3725
74,36,73.396
74,37,73.4195
74,38,73.443
74,39,73.4665
74,40,73.49
75,1,73.6235
75,2,73.647
75,3,73.6705
75,4,73.694
75,5,73.7175
75,6,73.741
75,7,73.7645
75,8,73.788
75,9,73.8115
75,10,73.835
75,11,73.8585
75,12,73.882
75,13,73.9055
75,14,73.929
75,15,73.9525
75,16,73.976
75,17,73.9995
75,18,74.023
75,19,74.0465
75,20,74.07
75,21,74.0935
75,22,74.117
75,23,74.1405
75,24,74.164
75,25,74.1875
75,26,74.211
75,27,74.2345
75,28,74.258
75,29,74.2815
75,30,74.305
75,31,74.3285
75,32,74.352
75,33,74.3755
75,34,74.399
75,35,74.4225
75,36,74.446
75,37,74.4695
75,38,74.493
75,39,74.5165
75,40,74.54
76,1,74.6735
76,2,74.697
76,3,74.7205
76,4,74.744
76,5,74.7675
76,6,74.791
76,7,74.8145
76,8,74.838
76,9,74.8615
76,10,74.885
76,11,74.9085
76,12,74.932
76,13,74.9555
76,14,74.979
76,15,75.0025
76,16,75.026
76,17,75.0495
76,18,75.073
76,19,75.0965
76,20,75.12
76,21,75.1435
76,22,75.167
76,23,75.1905
76,24,75.214
76,25,75.2375
76,26,75.261
76,27,75.2845
76,28,75.308
76,29,75.3315
76,30,75.355
76,31,75.3785
76,32,75.402
76,33,75.4255
76,34,75.449
76,35,75.4725
76,36,75.496
76,37,75.5195
76,38,75.543
76,39,75.5665
76,40,75.59
77,1,75.7235
77,2,75.747
77,3,75.7705
77,4,75.794
77,5,75.8175
77,6,75.841
77,7,75.8645
77,8,75.888
77,9,75.9115
77,10,75.935
77,11,75.9585
77,12,75.982
77,13,76.0055
77,14,76.029
77,15,76.0525
77,16,76.076
77,17,76.0995
77,18,76.123
77,19,76.1465
77,20,76.17
77,21,76.1935
77,22,76.217
77,23,76.2405
77,24,76.264
77,25,76.2875
77,26,76.311
77,27,76.3345
77,28,76.358
77,29,76.3815
77,30,76.405
77,31,76.4285
77,32,76.452
77,33,76.4755
77,34,76.499
77,35,76.5225
77,36,76.546
77,37,76.5695
77,38,76.593
77,39,76.6165
77,40,76.64
78,1,76.7735
78,2,76.797
78,3,76.8205
78,4,76.844
78,5,76.8675
78,6,76.891
78,7,76.9145
78,8,76.938
78,9,76.9615
78,10,76.985
78,11,77.0085
78,12,77.032
78,13,77.0555
78,14,77.079
78,15,77.1025
78,16,77.126
78,17,77.1495
78,18,77.173
78,19,77.1965
78,20,77.22
78,21,77.2435
78,22,77.267
78,23,77.2905
78,24,77.314
78,25,77.3375
78,26,77.361
78,27,77.3845
78,28,77.408
78,29,77.4315
78,30,77.455
78,31,77.4785
78,32,77.502
78,33,77.5255
78,34,77.549
78,35,77.5725
78,36,77.596
78,37,77.6195
78,38,77.643
78,39,77.6665
78,40,77.69
79,1,77.8235
79,2,77.847
79,3,77.8705
79,4,77.894
79,5,77.9175
79,6,77.941
79,7,77.9645
79,8,77.988
79,9,78.0115
79,10,78.035
79,11,78.0585
79,12,78.082
79,13,78.1055
79,14,78.129
79,15,78.1525
79,16,78.176
79,17,78.1995
79,18,78.223
79,19,78.2465
79,20,78.27
79,21,78.2935
79,22,78.317
79,23,78.3405
79,24,78.364
79,25,78.3875
79,26,78.411
79,27,78.4345
79,28,78.458
79,29,78.4815
79,30,78.505
79,31,78.5285
79,32,78.552
79,33,78.5755
79,34,78.599
79,35,78.6225
79,36,78.646
79,37,78.6695
79,38,78.693
79,39,78.7165
79,40,78.74
79,40,78.74
79,41,78.7635
79,42,78.787
79,43,78.8105
79,44,78.834
79,45,78.8575
79,46,78.881
79,47,78.9045
79,48,78.928
79,49,78.9515
79,50,78.975
79,51,78.9985
79,52,79.022
79,53,79.0455
79,54,79.069
79,55,79.0925
79,56,79.116
79,57,79.1395
79,58,79.163
79,59,79.1865
79,60,79.21
79,61,79.2335
79,62,79.257
79,63,79.2805
79,64,79.304
79,65,79.3275
79,66,79.351
79,67,79.3745
79,68,79.398
79,69,79.4215
79,70,79.445
79,71,79.4685
79,72,79.492
79,73,79.5155
79,74,79.539
79,75,79.5625
79,76,79.586
79,77,79.6095
79,78,79.633
79,79,79.6565
79,80,79.68
79,81,79.7035
79,82,79.727
79,83,79.7505
79,84,79.774
79,85,79.7975
79,86,79.821
79,87,79.8445
79,88,79.868
79,89,79.8915
79,90,79.915
79,91,79.9385
79,92,79.962
79,93,79.9855
79,94,80.009
79,95,80.0325
79,96,80.056
79,97,80.0795
79,98,80.103
79,99,80.1265
79,100,80.15
80,40,79.79
80,41,79.8135
80,42,79.837
80,43,79.8605
80,44,79.884
80,45,79.9075
80,46,79.931
80,47,79.9545
80,48,79.978
80,49,80.7095
80,50,80.8029
80,51,80.8977
80,52,80.9938
80,53,81.0912
80,54,81.19
80,55,81.2902
80,56,81.3916
80,57,81.4945
80,58,81.5986
80,59,81.7042
80,60,81.811
80,61,81.9192
80,62,82.0287
80,63,82.1397
80,64,82.2519
80,65,82.3654
80,66,82.4804
80,67,82.5966
80,68,82.7141
80,69,82.8331
80,70,82.9536
80,71,83.0751
80,72,83.1981
80,73,83.3225
80,74,83.4481
80,75,83.5751
80,76,83.7036
80,77,83.8333
80,78,83.9644
80,79,84.0966
80,80,84.2305
80,81,84.3656
80,82,84.502
80,83,84.6399
80,84,84.7789
80,85,84.9194
80,86,85.0613
80,87,85.2044
80,88,85.3489
80,89,85.4947
80,90,85.642
80,91,85.7904
80,92,85.9404
80,93,86.0918
80,94,86.2442
80,95,86.398
80,96,86.5533
80,97,86.7099
80,98,86.868
80,99,87.0272
80,100,87.188
81,40,80.6523
81,41,80.7498
81,42,80.8497
81,43,80.952
81,44,81.0567
81,45,81.1638
81,46,81.2734
81,47,81.3854
81,48,81.4997
81,49,81.6165
81,50,81.7356
81,51,81.8573
81,52,81.9813
81,53,82.1077
81,54,82.2366
81,55,82.3677
81,56,82.5013
81,57,82.6374
81,58,82.7759
81,59,82.9168
81,60,83.0602
81,61,83.2058
81,62,83.3539
81,63,83.5044
81,64,83.6573
81,65,83.8126
81,66,83.9704
81,67,84.1306
81,68,84.2931
81,69,84.458
81,70,84.6256
81,71,84.7952
81,72,84.9675
81,73,85.1421
81,74,85.3191
81,75,85.4986
81,76,85.6804
81,77,85.8646
81,78,86.0513
81,79,86.2403
81,80,86.4319
81,81,86.6258
81,82,86.8221
81,83,87.0208
81,84,87.2218
81,85,87.4254
81,86,87.6313
81,87,87.8397
81,88,88.0504
81,89,88.2635
81,90,88.4791
81,91,88.6972
81,92,88.9176
81,93,89.1405
81,94,89.3657
81,95,90.5933
81,96,90.8232
81,97,91.0556
81,98,91.2905
81,99,91.5277
81,100,91.7673
82,40,81.4534
82,41,81.5692
82,42,81.6885
82,43,81.8113
82,44,81.9376
82,45,82.0673
82,46,82.2004
82,47,82.3371
82,48,82.4772
82,49,82.6208
82,50,82.7678
82,51,82.9183
82,52,83.0723
82,53,83.2297
82,54,83.3906
82,55,83.555
82,56,83.7228
82,57,83.8941
82,58,84.0689
82,59,84.247
82,60,84.4287
82,61,84.6139
82,62,84.8025
82,63,84.9947
82,64,85.1903
82,65,85.3893
82,66,85.5918
82,67,85.7978
82,68,86.0072
82,69,86.2201
82,70,86.4364
82,71,86.6562
82,72,86.8795
82,73,87.1063
82,74,87.3365
82,75,87.5703
82,76,87.8075
82,77,88.0481
82,78,88.2921
82,79,88.5397
82,80,88.7907
82,81,89.0453
82,82,89.3032
82,83,89.5646
82,84,89.8296
82,85,90.0978
82,86,90.3699
82,87,90.6452
82,88,90.9238
82,89,91.2061
82,90,91.4918
82,91,91.7808
82,92,92.0736
82,93,92.3695
82,94,92.6692
82,95,93.9723
82,96,94.2789
82,97,94.5888
82,98,94.9022
82,99,95.2191
82,100,95.5394
83,40,82.3328
83,41,82.4691
83,42,82.6099
83,43,82.7552
83,44,82.9051
83,45,83.0594
83,46,83.2183
83,47,83.3817
83,48,83.5497
83,49,83.7221
83,50,83.899
83,51,84.0805
83,52,84.2664
83,53,84.457
83,54,84.652
83,55,84.8515
83,56,85.0554
83,57,85.264
83,58,85.4772
83,59,85.6946
83,60,85.9167
83,61,86.1434
83,62,86.3746
83,63,86.6101
83,64,86.8503
83,65,87.095
83,66,87.3441
83,67,87.5979
83,68,87.8561
83,69,88.1189
83,70,88.3861
83,71,88.6579
83,72,88.9342
83,73,89.2148
83,74,89.5002
83,75,89.7901
83,76,90.0844
83,77,90.3832
83,78,90.6867
83,79,90.9946
83,80,91.307
83,81,91.6239
83,82,91.9454
83,83,92.2712
83,84,92.6018
83,85,92.9367
83,86,93.2762
83,87,93.6203
83,88,93.9688
83,89,94.3219
83,90,94.6794
83,91,95.0414
83,92,95.408
83,93,95.779
83,94,96.1547
83,95,96.535
83,96,96.9196
83,97,97.3088
83,98,97.7026
83,99,98.1008
83,100,98.5034
84,40,83.2905
84,41,83.4494
84,42,83.6138
84,43,83.7839
84,44,83.9594
84,45,84.1406
84,46,84.3272
84,47,84.5195
84,48,84.7173
84,49,84.9207
84,50,85.1296
84,51,85.3441
84,52,85.5641
84,53,85.7897
84,54,86.0209
84,55,86.2574
84,56,86.4998
84,57,86.7475
84,58,87.001
84,59,87.2598
84,60,87.5244
84,61,87.7944
84,62,88.07
84,63,88.3511
84,64,88.6378
84,65,88.9301
84,66,89.2279
84,67,89.5313
84,68,89.8402
84,69,90.1548
84,70,90.4748
84,71,90.8004
84,72,91.1315
84,73,91.4683
84,74,91.8105
84,75,92.1583
84,76,92.5117
84,77,92.8707
84,78,93.2352
84,79,93.6053
84,80,93.9809
84,81,94.3621
84,82,94.7487
84,83,95.141
84,84,95.5389
84,85,95.9422
84,86,96.3512
84,87,96.7657
84,88,97.1857
84,89,97.6115
84,90,98.0426
84,91,98.4794
84,92,98.9215
84,93,99.3694
84,94,99.8227
84,95,100.282
84,96,100.746
84,97,101.216
84,98,101.692
84,99,102.173
84,100,102.66
85,40,84.3264
85,41,84.51
85,42,84.7002
85,43,84.8971
85,44,85.1005
85,45,85.3105
85,46,85.5271
85,47,85.7502
85,48,85.98
85,49,86.2164
85,50,86.4593
85,51,86.7089
85,52,86.9649
85,53,87.2277
85,54,87.4971
85,55,87.7729
85,56,88.0555
85,57,88.3445
85,58,88.6402
85,59,88.9424
85,60,89.2514
85,61,89.5667
85,62,89.8887
85,63,90.2174
85,64,90.5526
85,65,90.8943
85,66,91.2428
85,67,91.5977
85,68,91.9592
85,69,92.3275
85,70,92.7022
85,71,93.0835
85,72,93.4714
85,73,93.8659
85,74,94.267
85,75,94.6747
85,76,95.089
85,77,95.5099
85,78,95.9373
85,79,96.3714
85,80,96.812
85,81,97.2592
85,82,97.7131
85,83,98.1735
85,84,98.6405
85,85,99.1141
85,86,99.5943
85,87,100.081
85,88,100.574
85,89,101.074
85,90,101.581
85,91,102.094
85,92,102.614
85,93,103.14
85,94,103.673
85,95,104.212
85,96,104.758
85,97,105.311
85,98,105.87
85,99,106.436
85,100,107.009
86,40,85.4405
86,41,85.651
86,42,85.8692
86,43,86.0949
86,44,86.3283
86,45,86.5693
86,46,86.8179
86,47,87.0741
86,48,87.3379
86,49,87.6093
86,50,87.8883
86,51,88.1751
86,52,88.4693
86,53,88.7713
86,54,89.0807
86,55,89.3979
86,56,89.7226
86,57,90.055
86,58,90.3949
86,59,90.7424
86,60,91.0977
86,61,91.4605
86,62,91.831
86,63,92.209
86,64,92.5946
86,65,92.9879
86,66,93.3889
86,67,93.7973
86,68,94.2134
86,69,94.6372
86,70,95.0685
86,71,95.5075
86,72,95.954
86,73,96.4082
86,74,96.87
86,75,97.3394
86,76,97.8165
86,77,98.3011
86,78,98.7934
86,79,99.2933
86,80,99.8008
86,81,100.316
86,82,100.839
86,83,101.369
86,84,101.907
86,85,102.452
86,86,103.006
86,87,103.566
86,88,104.135
86,89,104.711
86,90,105.294
86,91,105.886
86,92,106.485
86,93,107.091
86,94,107.705
86,95,108.327
86,96,108.956
86,97,109.593
86,98,110.238
86,99,110.89
86,100,111.55
87,40,86.6329
87,41,86.8725
87,42,87.1206
87,43,87.3774
87,44,87.6428
87,45,87.9169
87,46,88.1996
87,47,88.4909
87,48,88.7908
87,49,89.0994
87,50,89.4166
87,51,89.7425
87,52,90.077
87,53,90.4201
87,54,90.7718
87,55,91.1322
87,56,91.5012
87,57,91.8789
87,58,92.2651
87,59,92.66
87,60,93.0635
87,61,93.4757
87,62,93.8965
87,63,94.3259
87,64,94.7639
87,65,95.2106
87,66,95.666
87,67,96.1299
87,68,96.6025
87,69,97.0837
87,70,97.5736
87,71,98.072
87,72,98.5791
87,73,99.0949
87,74,99.6192
87,75,100.152
87,76,100.694
87,77,101.244
87,78,101.803
87,79,102.371
87,80,102.947
87,81,103.532
87,82,104.125
87,83,104.727
87,84,105.338
87,85,105.957
87,86,106.585
87,87,107.222
87,88,107.867
87,89,108.521
87,90,109.183
87,91,109.854
87,92,110.534
87,93,111.223
87,94,111.919
87,95,112.625
87,96,113.339
87,97,114.062
87,98,114.794
87,99,115.534
87,100,116.283
88,40,87.9036
88,41,88.1743
88,42,88.4546
88,43,88.7445
88,44,89.0441
88,45,89.3534
88,46,89.6722
88,47,90.0007
88,48,90.3389
88,49,90.6867
88,50,91.0441
88,51,91.4112
88,52,91.7879
88,53,92.1743
88,54,92.5704
88,55,92.976
88,56,93.3911
88,57,93.8162
88,58,94.2508
88,59,94.6948
88,60,95.1488
88,61,95.6123
88,62,96.0854
88,63,96.5681
88,64,97.0606
88,65,97.5627
88,66,98.0743
88,67,98.5956
88,68,99.1266
88,69,99.6674
88,70,100.217
88,71,100.777
88,72,101.347
88,73,101.926
88,74,102.515
88,75,103.114
88,76,103.722
88,77,104.339
88,78,104.967
88,79,105.604
88,80,106.25
88,81,106.907
88,82,107.573
88,83,108.248
88,84,108.933
88,85,109.628
88,86,110.333
88,87,111.047
88,88,111.771
88,89,112.504
88,90,113.247
88,91,114
88,92,114.762
88,93,115.534
88,94,116.316
88,95,117.107
88,96,117.908
88,97,118.719
88,98,119.539
88,99,120.369
88,100,121.208
89,40,89.2525
89,41,89.5565
89,42,89.8711
89,43,90.1963
89,44,90.5322
89,45,90.8787
89,46,91.2359
89,47,91.6037
89,48,91.9821
89,49,92.3712
89,50,92.7709
89,51,93.1814
89,52,93.6024
89,53,94.034
89,54,94.4764
89,55,94.9292
89,56,95.3928
89,57,95.8671
89,58,96.352
89,59,96.8474
89,60,97.3536
89,61,97.8703
89,62,98.3978
89,63,98.9358
89,64,99.4846
89,65,100.044
89,66,100.614
89,67,101.195
89,68,101.786
89,69,102.388
89,70,103
89,71,103.624
89,72,104.257
89,73,104.902
89,74,105.557
89,75,106.223
89,76,106.899
89,77,107.586
89,78,108.284
89,79,108.992
89,80,109.711
89,81,110.441
89,82,111.181
89,83,111.932
89,84,112.694
89,85,113.466
89,86,114.249
89,87,115.042
89,88,115.846
89,89,116.661
89,90,117.487
89,91,118.323
89,92,119.169
89,93,120.027
89,94,120.895
89,95,121.773
89,96,122.662
89,97,123.562
89,98,124.473
89,99,125.394
89,100,126.326
90,40,90.6797
90,41,91.0191
90,42,91.3701
90,43,91.7328
90,44,92.107
90,45,92.4929
90,46,92.8904
90,47,93.2996
90,48,93.7205
90,49,94.1529
90,50,94.597
90,51,95.0527
90,52,95.52
90,53,95.9989
90,54,96.4897
90,55,96.9919
90,56,97.5057
90,57,98.0313
90,58,98.5685
90,59,99.1172
90,60,99.6779
90,61,100.25
90,62,100.833
90,63,101.429
90,64,102.036
90,65,102.654
90,66,103.285
90,67,103.927
90,68,104.58
90,69,105.245
90,70,105.922
90,71,106.61
90,72,107.311
90,73,108.022
90,74,108.746
90,75,109.48
90,76,110.227
90,77,110.985
90,78,111.755
90,79,112.537
90,80,113.33
90,81,114.135
90,82,114.951
90,83,115.779
90,84,116.619
90,85,117.47
90,86,118.333
90,87,119.208
90,88,120.094
90,89,120.992
90,90,121.901
90,91,122.822
90,92,123.755
90,93,124.7
90,94,125.655
90,95,126.623
90,96,127.603
90,97,128.594
90,98,129.596
90,99,130.61
90,100,131.636
91,40,92.1852
91,41,92.5621
91,42,92.9516
91,43,93.3538
91,44,93.7685
91,45,94.196
91,46,94.636
91,47,95.0886
91,48,95.5539
91,49,96.0317
91,50,96.5222
91,51,97.0254
91,52,97.5411
91,53,98.0694
91,54,98.6105
91,55,99.164
91,56,99.7302
91,57,100.309
91,58,100.901
91,59,101.505
91,60,102.121
91,61,102.751
91,62,103.393
91,63,104.047
91,64,104.714
91,65,105.394
91,66,106.087
91,67,106.792
91,68,107.509
91,69,108.24
91,70,108.983
91,71,109.738
91,72,110.506
91,73,111.287
91,74,112.08
91,75,112.886
91,76,113.705
91,77,114.536
91,78,115.38
91,79,116.237
91,80,117.106
91,81,117.988
91,82,118.882
91,83,119.789
91,84,120.708
91,85,121.641
91,86,122.586
91,87,123.543
91,88,124.513
91,89,125.496
91,90,126.491
91,91,127.499
91,92,128.52
91,93,129.553
91,94,130.599
91,95,131.657
91,96,132.728
91,97,133.812
91,98,134.908
91,99,136.017
91,100,137.138
92,40,93.7688
92,41,94.1854
92,42,94.6156
92,43,95.0594
92,44,95.5168
92,45,95.9878
92,46,96.4723
92,47,96.9705
92,48,97.4824
92,49,98.0077
92,50,98.5467
92,51,99.0994
92,52,99.6655
92,53,100.245
92,54,100.839
92,55,101.446
92,56,102.066
92,57,102.7
92,58,103.348
92,59,104.009
92,60,104.684
92,61,105.373
92,62,106.075
92,63,106.791
92,64,107.52
92,65,108.263
92,66,109.02
92,67,109.79
92,68,110.574
92,69,111.371
92,70,112.182
92,71,113.006
92,72,113.845
92,73,114.696
92,74,115.562
92,75,116.441
92,76,117.333
92,77,118.239
92,78,119.159
92,79,120.092
92,80,121.039
92,81,122
92,82,122.974
92,83,123.962
92,84,124.963
92,85,125.978
92,86,127.006
92,87,128.048
92,88,129.104
92,89,130.173
92,90,131.256
92,91,132.353
92,92,133.463
92,93,134.586
92,94,135.724
92,95,136.875
92,96,138.039
92,97,139.217
92,98,140.409
92,99,141.614
92,100,142.833
93,40,95.4309
93,41,95.8893
93,42,96.3622
93,43,96.8498
93,44,97.3519
93,45,97.8686
93,46,98.3999
93,47,98.9456
93,48,99.506
93,49,100.081
93,50,100.671
93,51,101.275
93,52,101.893
93,53,102.527
93,54,103.174
93,55,103.837
93,56,104.514
93,57,105.205
93,58,105.911
93,59,106.632
93,60,107.367
93,61,108.117
93,62,108.881
93,63,109.66
93,64,110.453
93,65,111.262
93,66,112.084
93,67,112.921
93,68,113.773
93,69,114.639
93,70,115.52
93,71,116.416
93,72,117.326
93,73,118.25
93,74,119.189
93,75,120.143
93,76,121.111
93,77,122.094
93,78,123.091
93,79,124.103
93,80,125.13
93,81,126.171
93,82,127.227
93,83,128.297
93,84,129.382
93,85,130.481
93,86,131.595
93,87,132.724
93,88,133.867
93,89,135.024
93,90,136.197
93,91,137.383
93,92,138.585
93,93,139.801
93,94,141.031
93,95,142.276
93,96,143.536
93,97,144.81
93,98,146.099
93,99,147.402
93,100,148.72
94,40,97.171
94,41,97.6734
94,42,98.1913
94,43,98.7247
94,44,99.2737
94,45,99.8381
94,46,100.418
94,47,101.014
94,48,101.625
94,49,102.251
94,50,102.893
94,51,103.551
94,52,104.224
94,53,104.913
94,54,105.617
94,55,106.337
94,56,107.072
94,57,107.823
94,58,108.59
94,59,109.372
94,60,110.169
94,61,110.982
94,62,111.81
94,63,112.654
94,64,113.514
94,65,114.389
94,66,115.28
94,67,116.186
94,68,117.107
94,69,118.044
94,70,118.997
94,71,119.965
94,72,120.949
94,73,121.948
94,74,122.963
94,75,123.994
94,76,125.04
94,77,126.101
94,78,127.178
94,79,128.27
94,80,129.378
94,81,130.502
94,82,131.641
94,83,132.795
94,84,133.966
94,85,135.151
94,86,136.352
94,87,137.569
94,88,138.801
94,89,140.049
94,90,141.312
94,91,142.591
94,92,143.885
94,93,145.195
94,94,146.52
94,95,147.862
94,96,149.218
94,97,150.59
94,98,151.977
94,99,153.38
94,100,154.799
95,40,98.9895
95,41,99.5379
95,42,100.103
95,43,100.684
95,44,101.282
95,45,101.897
95,46,102.528
95,47,103.175
95,48,103.839
95,49,104.519
95,50,105.216
95,51,105.929
95,52,106.659
95,53,107.405
95,54,108.168
95,55,108.947
95,56,109.743
95,57,110.555
95,58,111.384
95,59,112.229
95,60,113.09
95,61,113.969
95,62,114.863
95,63,115.774
95,64,116.702
95,65,117.646
95,66,118.606
95,67,119.583
95,68,120.577
95,69,121.587
95,70,122.613
95,71,123.656
95,72,124.715
95,73,125.791
95,74,126.884
95,75,127.993
95,76,129.118
95,77,130.26
95,78,131.418
95,79,132.593
95,80,133.784
95,81,134.992
95,82,136.216
95,83,137.457
95,84,138.714
95,85,139.988
95,86,141.278
95,87,142.584
95,88,143.908
95,89,145.247
95,90,146.603
95,91,147.976
95,92,149.365
95,93,150.77
95,94,152.192
95,95,153.631
95,96,155.086
95,97,156.557
95,98,158.045
95,99,159.55
95,100,161.071
96,40,100.886
96,41,101.483
96,42,102.097
96,43,102.729
96,44,103.378
96,45,104.044
96,46,104.728
96,47,105.429
96,48,106.148
96,49,106.884
96,50,107.637
96,51,108.408
96,52,109.197
96,53,110.002
96,54,110.826
96,55,111.666
96,56,112.525
96,57,113.4
96,58,114.293
96,59,115.203
96,60,116.131
96,61,117.077
96,62,118.039
96,63,119.019
96,64,120.017
96,65,121.032
96,66,122.064
96,67,123.114
96,68,124.181
96,69,125.266
96,70,126.368
96,71,127.487
96,72,128.624
96,73,129.779
96,74,130.95
96,75,132.14
96,76,133.346
96,77,134.57
96,78,135.812
96,79,137.071
96,80,138.347
96,81,139.641
96,82,140.952
96,83,142.281
96,84,143.627
96,85,144.99
96,86,146.371
96,87,147.77
96,88,149.186
96,89,150.619
96,90,152.069
96,91,153.537
96,92,155.023
96,93,156.526
96,94,158.046
96,95,159.584
96,96,161.139
96,97,162.712
96,98,164.302
96,99,165.909
96,100,167.534
97,40,102.861
97,41,103.508
97,42,104.174
97,43,104.857
97,44,105.559
97,45,106.28
97,46,107.019
97,47,107.776
97,48,108.552
97,49,109.346
97,50,110.158
97,51,110.989
97,52,111.838
97,53,112.705
97,54,113.591
97,55,114.495
97,56,115.418
97,57,116.359
97,58,117.318
97,59,118.295
97,60,119.291
97,61,120.306
97,62,121.338
97,63,122.39
97,64,123.459
97,65,124.547
97,66,125.653
97,67,126.778
97,68,127.92
97,69,129.082
97,70,130.261
97,71,131.459
97,72,132.676
97,73,133.91
97,74,135.163
97,75,136.435
97,76,137.725
97,77,139.033
97,78,140.36
97,79,141.704
97,80,143.068
97,81,144.449
97,82,145.849
97,83,147.268
97,84,148.705
97,85,150.16
97,86,151.633
97,87,153.125
97,88,154.635
97,89,156.164
97,90,157.711
97,91,159.276
97,92,160.86
97,93,162.462
97,94,164.082
97,95,165.721
97,96,167.378
97,97,169.053
97,98,170.747
97,99,172.459
97,100,174.19
98,40,104.914
98,41,105.614
98,42,106.333
98,43,107.071
98,44,107.828
98,45,108.605
98,46,109.401
98,47,110.216
98,48,111.051
98,49,111.905
98,50,112.778
98,51,113.671
98,52,114.582
98,53,115.513
98,54,116.464
98,55,117.433
98,56,118.422
98,57,119.431
98,58,120.458
98,59,121.505
98,60,122.571
98,61,123.657
98,62,124.761
98,63,125.885
98,64,127.029
98,65,128.191
98,66,129.373
98,67,130.574
98,68,131.795
98,69,133.035
98,70,134.294
98,71,135.572
98,72,136.87
98,73,138.187
98,74,139.523
98,75,140.879
98,76,142.253
98,77,143.648
98,78,145.061
98,79,146.494
98,80,147.946
98,81,149.417
98,82,150.908
98,83,152.418
98,84,153.947
98,85,155.495
98,86,157.063
98,87,158.65
98,88,160.257
98,89,161.882
98,90,163.527
98,91,165.192
98,92,166.875
98,93,168.578
98,94,170.3
98,95,172.042
98,96,173.802
98,97,175.582
98,98,177.382
98,99,179.2
98,100,181.038
99,40,107.046
99,41,107.8
99,42,108.574
99,43,109.369
99,44,110.184
99,45,111.019
99,46,111.874
99,47,112.75
99,48,113.645
99,49,114.561
99,50,115.497
99,51,116.454
99,52,117.43
99,53,118.427
99,54,119.444
99,55,120.481
99,56,121.539
99,57,122.616
99,58,123.714
99,59,124.832
99,60,125.97
99,61,127.129
99,62,128.308
99,63,129.506
99,64,130.726
99,65,131.965
99,66,133.225
99,67,134.504
99,68,135.804
99,69,137.125
99,70,138.465
99,71,139.826
99,72,141.207
99,73,142.608
99,74,144.029
99,75,145.471
99,76,146.932
99,77,148.414
99,78,149.916
99,79,151.439
99,80,152.981
99,81,154.544
99,82,156.127
99,83,157.731
99,84,159.354
99,85,160.998
99,86,162.662
99,87,164.346
99,88,166.05
99,89,167.774
99,90,169.519
99,91,171.284
99,92,173.069
99,93,174.875
99,94,176.7
99,95,178.546
99,96,180.412
99,97,182.299
99,98,184.205
99,99,186.132
99,100,188.079
100,40,109.256
100,41,110.067
100,42,110.899
100,43,111.752
100,44,112.626
100,45,113.522
100,46,114.438
100,47,115.376
100,48,116.335
100,49,117.315
100,50,118.316
100,51,119.338
100,52,120.381
100,53,121.446
100,54,122.532
100,55,123.638
100,56,124.766
100,57,125.915
100,58,127.085
100,59,128.277
100,60,129.489
100,61,130.723
100,62,131.977
100,63,133.253
100,64,134.55
100,65,135.868
100,66,137.207
100,67,138.567
100,68,139.949
100,69,141.352
100,70,142.775
100,71,144.22
100,72,145.686
100,73,147.173
100,74,148.681
100,75,150.211
100,76,151.761
100,77,153.333
100,78,154.925
100,79,156.539
100,80,158.174
100,81,159.831
100,82,161.508
100,83,163.206
100,84,164.926
100,85,166.666
100,86,168.428
100,87,170.211
100,88,172.015
100,89,173.84
100,90,175.687
100,91,177.554
100,92,179.442
100,93,181.352
100,94,183.283
100,95,185.235
100,96,187.208
100,97,189.202
100,98,191.217
100,99,193.254
100,100,195.312
