 Copyright (C) 1995-2019 - All Rights Reserved
 University Corporation for Atmospheric Research
 NCAR Command Language Version 6.6.2
 The use of this software is governed by a License Agreement.
 See http://www.ncl.ucar.edu/ for more details.
Pressure (kPa), Psychrometric Constant (kPa/C)
0,0
1,0.00066474
2,0.00132948
3,0.00199422
4,0.00265896
5,0.0033237
6,0.00398844
7,0.00465318
8,0.00531792
9,0.00598266
10,0.0066474
11,0.00731214
12,0.00797688
13,0.00864162
14,0.00930636
15,0.0099711
16,0.0106358
17,0.0113006
18,0.0119653
19,0.0126301
20,0.0132948
21,0.0139595
22,0.0146243
23,0.015289
24,0.0159538
25,0.0166185
26,0.0172832
27,0.017948
28,0.0186127
29,0.0192775
30,0.0199422
31,0.0206069
32,0.0212717
33,0.0219364
34,0.0226012
35,0.0232659
36,0.0239306
37,0.0245954
38,0.0252601
39,0.0259249
40,0.0265896
41,0.0272543
42,0.0279191
43,0.0285838
44,0.0292486
45,0.0299133
46,0.030578
47,0.0312428
48,0.0319075
49,0.0325723
50,0.033237
51,0.0339017
52,0.0345665
53,0.0352312
54,0.035896
55,0.0365607
56,0.0372254
57,0.0378902
58,0.0385549
59,0.0392197
60,0.0398844
61,0.0405491
62,0.0412139
63,0.0418786
64,0.0425434
65,0.0432081
66,0.0438728
67,0.0445376
68,0.0452023
69,0.0458671
70,0.0465318
71,0.0471965
72,0.0478613
73,0.048526
74,0.0491908
75,0.0498555
76,0.0505202
77,0.051185
78,0.0518497
79,0.0525145
80,0.0531792
81,0.0538439
82,0.0545087
83,0.0551734
84,0.0558382
85,0.0565029
86,0.0571676
87,0.0578324
88,0.0584971
89,0.0591619
90,0.0598266
91,0.0604913
92,0.0611561
93,0.0618208
94,0.0624856
95,0.0631503
96,0.063815
97,0.0644798
98,0.0651445
99,0.0658093
100,0.066474
101,0.0671387
102,0.0678035
103,0.0684682
104,0.069133
105,0.0697977
106,0.0704624
107,0.0711272
108,0.0717919
109,0.0724567
110,0.0731214
111,0.0737861
112,0.0744509
113,0.0751156
114,0.0757804
115,0.0764451
116,0.0771098
117,0.0777746
118,0.0784393
119,0.0791041
120,0.0797688
121,0.0804335
122,0.0810983
123,0.081763
124,0.0824278
125,0.0830925
126,0.0837572
127,0.084422
128,0.0850867
129,0.0857515
130,0.0864162
131,0.0870809
132,0.0877457
133,0.0884104
134,0.0890752
135,0.0897399
136,0.0904046
137,0.0910694
138,0.0917341
139,0.0923989
140,0.0930636
141,0.0937283
142,0.0943931
143,0.0950578
144,0.0957226
145,0.0963873
146,0.097052
147,0.0977168
148,0.0983815
149,0.0990463
150,0.099711
151,0.100376
152,0.10104
153,0.101705
154,0.10237
155,0.103035
156,0.103699
157,0.104364
158,0.105029
159,0.105694
160,0.106358
161,0.107023
162,0.107688
163,0.108353
164,0.109017
165,0.109682
166,0.110347
167,0.111012
168,0.111676
169,0.112341
170,0.113006
171,0.113671
172,0.114335
173,0.115
174,0.115665
175,0.116329
176,0.116994
177,0.117659
178,0.118324
179,0.118988
180,0.119653
181,0.120318
182,0.120983
183,0.121647
184,0.122312
185,0.122977
186,0.123642
187,0.124306
188,0.124971
189,0.125636
190,0.126301
191,0.126965
192,0.12763
193,0.128295
194,0.12896
195,0.129624
196,0.130289
197,0.130954
198,0.131619
199,0.132283
200,0.132948
201,0.133613
202,0.134277
203,0.134942
204,0.135607
205,0.136272
206,0.136936
207,0.137601
208,0.138266
209,0.138931
210,0.139595
211,0.14026
212,0.140925
213,0.14159
214,0.142254
215,0.142919
216,0.143584
217,0.144249
218,0.144913
219,0.145578
220,0.146243
221,0.146908
222,0.147572
223,0.148237
224,0.148902
225,0.149567
226,0.150231
227,0.150896
228,0.151561
229,0.152225
230,0.15289
231,0.153555
232,0.15422
233,0.154884
234,0.155549
235,0.156214
236,0.156879
237,0.157543
238,0.158208
239,0.158873
240,0.159538
241,0.160202
242,0.160867
243,0.161532
244,0.162197
245,0.162861
246,0.163526
247,0.164191
248,0.164856
249,0.16552
250,0.166185
251,0.16685
252,0.167514
253,0.168179
254,0.168844
255,0.169509
256,0.170173
257,0.170838
258,0.171503
259,0.172168
260,0.172832
261,0.173497
262,0.174162
263,0.174827
264,0.175491
265,0.176156
266,0.176821
267,0.177486
268,0.17815
269,0.178815
270,0.17948
271,0.180145
272,0.180809
273,0.181474
274,0.182139
275,0.182803
276,0.183468
277,0.184133
278,0.184798
279,0.185462
280,0.186127
281,0.186792
282,0.187457
283,0.188121
284,0.188786
285,0.189451
286,0.190116
287,0.19078
288,0.191445
289,0.19211
290,0.192775
291,0.193439
292,0.194104
293,0.194769
294,0.195434
295,0.196098
296,0.196763
297,0.197428
298,0.198093
299,0.198757
300,0.199422
301,0.200087
302,0.200751
303,0.201416
304,0.202081
305,0.202746
306,0.20341
307,0.204075
308,0.20474
309,0.205405
310,0.206069
311,0.206734
312,0.207399
313,0.208064
314,0.208728
315,0.209393
316,0.210058
317,0.210723
318,0.211387
319,0.212052
320,0.212717
321,0.213382
322,0.214046
323,0.214711
324,0.215376
325,0.21604
326,0.216705
327,0.21737
328,0.218035
329,0.218699
330,0.219364
331,0.220029
332,0.220694
333,0.221358
334,0.222023
335,0.222688
336,0.223353
337,0.224017
338,0.224682
339,0.225347
340,0.226012
341,0.226676
342,0.227341
343,0.228006
344,0.228671
345,0.229335
346,0.23
347,0.230665
348,0.23133
349,0.231994
350,0.232659
351,0.233324
352,0.233988
353,0.234653
354,0.235318
355,0.235983
356,0.236647
357,0.237312
358,0.237977
359,0.238642
360,0.239306
361,0.239971
362,0.240636
363,0.241301
364,0.241965
365,0.24263
366,0.243295
367,0.24396
368,0.244624
369,0.245289
370,0.245954
371,0.246619
372,0.247283
373,0.247948
374,0.248613
375,0.249277
376,0.249942
377,0.250607
378,0.251272
379,0.251936
380,0.252601
381,0.253266
382,0.253931
383,0.254595
384,0.25526
385,0.255925
386,0.25659
387,0.257254
388,0.257919
389,0.258584
390,0.259249
391,0.259913
392,0.260578
393,0.261243
394,0.261908
395,0.262572
396,0.263237
397,0.263902
398,0.264567
399,0.265231
400,0.265896
401,0.266561
402,0.267225
403,0.26789
404,0.268555
405,0.26922
406,0.269884
407,0.270549
408,0.271214
409,0.271879
410,0.272543
411,0.273208
412,0.273873
413,0.274538
414,0.275202
415,0.275867
416,0.276532
417,0.277197
418,0.277861
419,0.278526
420,0.279191
421,0.279856
422,0.28052
423,0.281185
424,0.28185
425,0.282514
426,0.283179
427,0.283844
428,0.284509
429,0.285173
430,0.285838
431,0.286503
432,0.287168
433,0.287832
434,0.288497
435,0.289162
436,0.289827
437,0.290491
438,0.291156
439,0.291821
440,0.292486
441,0.29315
442,0.293815
443,0.29448
444,0.295145
445,0.295809
446,0.296474
447,0.297139
448,0.297804
449,0.298468
450,0.299133
451,0.299798
452,0.300462
453,0.301127
454,0.301792
455,0.302457
456,0.303121
457,0.303786
458,0.304451
459,0.305116
460,0.30578
461,0.306445
462,0.30711
463,0.307775
464,0.308439
465,0.309104
466,0.309769
467,0.310434
468,0.311098
469,0.311763
470,0.312428
471,0.313093
472,0.313757
473,0.314422
474,0.315087
475,0.315751
476,0.316416
477,0.317081
478,0.317746
479,0.31841
480,0.319075
481,0.31974
482,0.320405
483,0.321069
484,0.321734
485,0.322399
486,0.323064
487,0.323728
488,0.324393
489,0.325058
490,0.325723
491,0.326387
492,0.327052
493,0.327717
494,0.328382
495,0.329046
496,0.329711
497,0.330376
498,0.331041
499,0.331705
500,0.33237
501,0.333035
502,0.333699
503,0.334364
504,0.335029
505,0.335694
506,0.336358
507,0.337023
508,0.337688
509,0.338353
510,0.339017
511,0.339682
512,0.340347
513,0.341012
514,0.341676
515,0.342341
516,0.343006
517,0.343671
518,0.344335
519,0.345
520,0.345665
521,0.34633
522,0.346994
523,0.347659
524,0.348324
525,0.348989
526,0.349653
527,0.350318
528,0.350983
529,0.351647
530,0.352312
531,0.352977
532,0.353642
533,0.354306
534,0.354971
535,0.355636
536,0.356301
537,0.356965
538,0.35763
539,0.358295
540,0.35896
541,0.359624
542,0.360289
543,0.360954
544,0.361619
545,0.362283
546,0.362948
547,0.363613
548,0.364278
549,0.364942
550,0.365607
551,0.366272
552,0.366936
553,0.367601
554,0.368266
555,0.368931
556,0.369595
557,0.37026
558,0.370925
559,0.37159
560,0.372254
561,0.372919
562,0.373584
563,0.374249
564,0.374913
565,0.375578
566,0.376243
567,0.376908
568,0.377572
569,0.378237
570,0.378902
571,0.379567
572,0.380231
573,0.380896
574,0.381561
575,0.382225
576,0.38289
577,0.383555
578,0.38422
579,0.384884
580,0.385549
581,0.386214
582,0.386879
583,0.387543
584,0.388208
585,0.388873
586,0.389538
587,0.390202
588,0.390867
589,0.391532
590,0.392197
591,0.392861
592,0.393526
593,0.394191
594,0.394856
595,0.39552
596,0.396185
597,0.39685
598,0.397515
599,0.398179
600,0.398844
601,0.399509
602,0.400173
603,0.400838
604,0.401503
605,0.402168
606,0.402832
607,0.403497
608,0.404162
609,0.404827
610,0.405491
611,0.406156
612,0.406821
613,0.407486
614,0.40815
615,0.408815
616,0.40948
617,0.410145
618,0.410809
619,0.411474
620,0.412139
621,0.412804
622,0.413468
623,0.414133
624,0.414798
625,0.415462
626,0.416127
627,0.416792
628,0.417457
629,0.418121
630,0.418786
631,0.419451
632,0.420116
633,0.42078
634,0.421445
635,0.42211
636,0.422775
637,0.423439
638,0.424104
639,0.424769
640,0.425434
641,0.426098
642,0.426763
643,0.427428
644,0.428093
645,0.428757
646,0.429422
647,0.430087
648,0.430752
649,0.431416
650,0.432081
651,0.432746
652,0.43341
653,0.434075
654,0.43474
655,0.435405
656,0.436069
657,0.436734
658,0.437399
659,0.438064
660,0.438728
661,0.439393
662,0.440058
663,0.440723
664,0.441387
665,0.442052
666,0.442717
667,0.443382
668,0.444046
669,0.444711
670,0.445376
671,0.446041
672,0.446705
673,0.44737
674,0.448035
675,0.4487
676,0.449364
677,0.450029
678,0.450694
679,0.451358
680,0.452023
681,0.452688
682,0.453353
683,0.454017
684,0.454682
685,0.455347
686,0.456012
687,0.456676
688,0.457341
689,0.458006
690,0.458671
691,0.459335
692,0.46
693,0.460665
694,0.46133
695,0.461994
696,0.462659
697,0.463324
698,0.463989
699,0.464653
700,0.465318
701,0.465983
702,0.466647
703,0.467312
704,0.467977
705,0.468642
706,0.469306
707,0.469971
708,0.470636
709,0.471301
710,0.471965
711,0.47263
712,0.473295
713,0.47396
714,0.474624
715,0.475289
716,0.475954
717,0.476619
718,0.477283
719,0.477948
720,0.478613
721,0.479278
722,0.479942
723,0.480607
724,0.481272
725,0.481936
726,0.482601
727,0.483266
728,0.483931
729,0.484595
730,0.48526
731,0.485925
732,0.48659
733,0.487254
734,0.487919
735,0.488584
736,0.489249
737,0.489913
738,0.490578
739,0.491243
740,0.491908
741,0.492572
742,0.493237
743,0.493902
744,0.494567
745,0.495231
746,0.495896
747,0.496561
748,0.497226
749,0.49789
750,0.498555
751,0.49922
752,0.499884
753,0.500549
754,0.501214
755,0.501879
756,0.502543
757,0.503208
758,0.503873
759,0.504538
760,0.505202
761,0.505867
762,0.506532
763,0.507197
764,0.507861
765,0.508526
766,0.509191
767,0.509856
768,0.51052
769,0.511185
770,0.51185
771,0.512515
772,0.513179
773,0.513844
774,0.514509
775,0.515173
776,0.515838
777,0.516503
778,0.517168
779,0.517832
780,0.518497
781,0.519162
782,0.519827
783,0.520491
784,0.521156
785,0.521821
786,0.522486
787,0.52315
788,0.523815
789,0.52448
790,0.525145
791,0.525809
792,0.526474
793,0.527139
794,0.527804
795,0.528468
796,0.529133
797,0.529798
798,0.530463
799,0.531127
800,0.531792
801,0.532457
802,0.533121
803,0.533786
804,0.534451
805,0.535116
806,0.53578
807,0.536445
808,0.53711
809,0.537775
810,0.538439
811,0.539104
812,0.539769
813,0.540434
814,0.541098
815,0.541763
816,0.542428
817,0.543093
818,0.543757
819,0.544422
820,0.545087
821,0.545752
822,0.546416
823,0.547081
824,0.547746
825,0.54841
826,0.549075
827,0.54974
828,0.550405
829,0.551069
830,0.551734
831,0.552399
832,0.553064
833,0.553728
834,0.554393
835,0.555058
836,0.555723
837,0.556387
838,0.557052
839,0.557717
840,0.558382
841,0.559046
842,0.559711
843,0.560376
844,0.561041
845,0.561705
846,0.56237
847,0.563035
848,0.563699
849,0.564364
850,0.565029
851,0.565694
852,0.566358
853,0.567023
854,0.567688
855,0.568353
856,0.569017
857,0.569682
858,0.570347
859,0.571012
860,0.571676
861,0.572341
862,0.573006
863,0.573671
864,0.574335
865,0.575
866,0.575665
867,0.57633
868,0.576994
869,0.577659
870,0.578324
871,0.578989
872,0.579653
873,0.580318
874,0.580983
875,0.581648
876,0.582312
877,0.582977
878,0.583642
879,0.584306
880,0.584971
881,0.585636
882,0.586301
883,0.586965
884,0.58763
885,0.588295
886,0.58896
887,0.589624
888,0.590289
889,0.590954
890,0.591619
891,0.592283
892,0.592948
893,0.593613
894,0.594278
895,0.594942
896,0.595607
897,0.596272
898,0.596937
899,0.597601
900,0.598266
901,0.598931
902,0.599595
903,0.60026
904,0.600925
905,0.60159
906,0.602254
907,0.602919
908,0.603584
909,0.604249
910,0.604913
911,0.605578
912,0.606243
913,0.606908
914,0.607572
915,0.608237
916,0.608902
917,0.609567
918,0.610231
919,0.610896
920,0.611561
921,0.612226
922,0.61289
923,0.613555
924,0.61422
925,0.614884
926,0.615549
927,0.616214
928,0.616879
929,0.617543
930,0.618208
931,0.618873
932,0.619538
933,0.620202
934,0.620867
935,0.621532
936,0.622197
937,0.622861
938,0.623526
939,0.624191
940,0.624856
941,0.62552
942,0.626185
943,0.62685
944,0.627515
945,0.628179
946,0.628844
947,0.629509
948,0.630174
949,0.630838
950,0.631503
951,0.632168
952,0.632832
953,0.633497
954,0.634162
955,0.634827
956,0.635491
957,0.636156
958,0.636821
959,0.637486
960,0.63815
961,0.638815
962,0.63948
963,0.640145
964,0.640809
965,0.641474
966,0.642139
967,0.642804
968,0.643468
969,0.644133
970,0.644798
971,0.645463
972,0.646127
973,0.646792
974,0.647457
975,0.648121
976,0.648786
977,0.649451
978,0.650116
979,0.65078
980,0.651445
981,0.65211
982,0.652775
983,0.653439
984,0.654104
985,0.654769
986,0.655434
987,0.656098
988,0.656763
989,0.657428
990,0.658093
991,0.658757
992,0.659422
993,0.660087
994,0.660752
995,0.661416
996,0.662081
997,0.662746
998,0.66341
999,0.664075
1000,0.66474
1001,0.665405
1002,0.666069
1003,0.666734
1004,0.667399
1005,0.668064
1006,0.668728
1007,0.669393
1008,0.670058
1009,0.670723
1010,0.671387
1011,0.672052
1012,0.672717
1013,0.673382
1014,0.674046
1015,0.674711
1016,0.675376
1017,0.676041
1018,0.676705
1019,0.67737
1020,0.678035
1021,0.6787
1022,0.679364
1023,0.680029
1024,0.680694
1025,0.681358
1026,0.682023
1027,0.682688
1028,0.683353
1029,0.684017
1030,0.684682
1031,0.685347
1032,0.686012
1033,0.686676
1034,0.687341
1035,0.688006
1036,0.688671
1037,0.689335
1038,0.69
1039,0.690665
1040,0.69133
1041,0.691994
1042,0.692659
1043,0.693324
1044,0.693989
1045,0.694653
1046,0.695318
1047,0.695983
1048,0.696648
1049,0.697312
1050,0.697977
1051,0.698642
1052,0.699306
1053,0.699971
1054,0.700636
1055,0.701301
1056,0.701965
1057,0.70263
1058,0.703295
1059,0.70396
1060,0.704624
1061,0.705289
1062,0.705954
1063,0.706619
1064,0.707283
1065,0.707948
1066,0.708613
1067,0.709278
1068,0.709942
1069,0.710607
1070,0.711272
1071,0.711937
1072,0.712601
1073,0.713266
1074,0.713931
1075,0.714595
1076,0.71526
1077,0.715925
1078,0.71659
1079,0.717254
1080,0.717919
1081,0.718584
1082,0.719249
1083,0.719913
1084,0.720578
1085,0.721243
1086,0.721908
1087,0.722572
1088,0.723237
1089,0.723902
1090,0.724567
1091,0.725231
1092,0.725896
1093,0.726561
1094,0.727226
1095,0.72789
1096,0.728555
1097,0.72922
1098,0.729885
1099,0.730549
1100,0.731214
1101,0.731879
1102,0.732543
1103,0.733208
1104,0.733873
1105,0.734538
1106,0.735202
1107,0.735867
1108,0.736532
1109,0.737197
1110,0.737861
1111,0.738526
1112,0.739191
1113,0.739856
1114,0.74052
1115,0.741185
1116,0.74185
1117,0.742515
1118,0.743179
1119,0.743844
1120,0.744509
1121,0.745174
1122,0.745838
1123,0.746503
1124,0.747168
1125,0.747832
1126,0.748497
1127,0.749162
1128,0.749827
1129,0.750491
1130,0.751156
1131,0.751821
1132,0.752486
1133,0.75315
1134,0.753815
1135,0.75448
1136,0.755145
1137,0.755809
1138,0.756474
1139,0.757139
1140,0.757804
1141,0.758468
1142,0.759133
1143,0.759798
1144,0.760463
1145,0.761127
1146,0.761792
1147,0.762457
1148,0.763121
1149,0.763786
1150,0.764451
1151,0.765116
1152,0.76578
1153,0.766445
1154,0.76711
1155,0.767775
1156,0.768439
1157,0.769104
1158,0.769769
1159,0.770434
1160,0.771098
1161,0.771763
1162,0.772428
1163,0.773093
1164,0.773757
1165,0.774422
1166,0.775087
1167,0.775752
1168,0.776416
1169,0.777081
1170,0.777746
1171,0.77841
1172,0.779075
1173,0.77974
1174,0.780405
1175,0.781069
1176,0.781734
1177,0.782399
1178,0.783064
1179,0.783728
1180,0.784393
1181,0.785058
1182,0.785723
1183,0.786387
1184,0.787052
1185,0.787717
1186,0.788382
1187,0.789046
1188,0.789711
1189,0.790376
1190,0.791041
1191,0.791705
1192,0.79237
1193,0.793035
1194,0.7937
1195,0.794364
1196,0.795029
1197,0.795694
1198,0.796359
1199,0.797023
1200,0.797688
1201,0.798353
1202,0.799017
1203,0.799682
1204,0.800347
1205,0.801012
1206,0.801676
1207,0.802341
1208,0.803006
1209,0.803671
1210,0.804335
1211,0.805
1212,0.805665
1213,0.80633
1214,0.806994
1215,0.807659
1216,0.808324
1217,0.808989
1218,0.809653
1219,0.810318
1220,0.810983
1221,0.811648
1222,0.812312
1223,0.812977
1224,0.813642
1225,0.814306
1226,0.814971
1227,0.815636
1228,0.816301
1229,0.816965
1230,0.81763
1231,0.818295
1232,0.81896
1233,0.819624
1234,0.820289
1235,0.820954
1236,0.821619
1237,0.822283
1238,0.822948
1239,0.823613
1240,0.824278
1241,0.824942
1242,0.825607
1243,0.826272
1244,0.826937
1245,0.827601
1246,0.828266
1247,0.828931
1248,0.829596
1249,0.83026
1250,0.830925
1251,0.83159
1252,0.832254
1253,0.832919
1254,0.833584
1255,0.834249
1256,0.834913
1257,0.835578
1258,0.836243
1259,0.836908
1260,0.837572
1261,0.838237
1262,0.838902
1263,0.839567
1264,0.840231
1265,0.840896
1266,0.841561
1267,0.842226
1268,0.84289
1269,0.843555
1270,0.84422
1271,0.844885
1272,0.845549
1273,0.846214
1274,0.846879
1275,0.847543
1276,0.848208
1277,0.848873
1278,0.849538
1279,0.850202
1280,0.850867
1281,0.851532
1282,0.852197
1283,0.852861
1284,0.853526
1285,0.854191
1286,0.854856
1287,0.85552
1288,0.856185
1289,0.85685
1290,0.857515
1291,0.858179
1292,0.858844
1293,0.859509
1294,0.860174
1295,0.860838
1296,0.861503
1297,0.862168
1298,0.862832
1299,0.863497
1300,0.864162
1301,0.864827
1302,0.865491
1303,0.866156
1304,0.866821
1305,0.867486
1306,0.86815
1307,0.868815
1308,0.86948
1309,0.870145
1310,0.870809
1311,0.871474
1312,0.872139
1313,0.872804
1314,0.873468
1315,0.874133
1316,0.874798
1317,0.875463
1318,0.876127
1319,0.876792
1320,0.877457
1321,0.878121
1322,0.878786
1323,0.879451
1324,0.880116
1325,0.88078
1326,0.881445
1327,0.88211
1328,0.882775
1329,0.883439
1330,0.884104
1331,0.884769
1332,0.885434
1333,0.886098
1334,0.886763
1335,0.887428
1336,0.888093
1337,0.888757
1338,0.889422
1339,0.890087
1340,0.890752
1341,0.891416
1342,0.892081
1343,0.892746
1344,0.893411
1345,0.894075
1346,0.89474
1347,0.895405
1348,0.89607
1349,0.896734
1350,0.897399
1351,0.898064
1352,0.898728
1353,0.899393
1354,0.900058
1355,0.900723
1356,0.901387
1357,0.902052
1358,0.902717
1359,0.903382
1360,0.904046
1361,0.904711
1362,0.905376
1363,0.906041
1364,0.906705
1365,0.90737
1366,0.908035
1367,0.9087
1368,0.909364
1369,0.910029
1370,0.910694
1371,0.911359
1372,0.912023
1373,0.912688
1374,0.913353
1375,0.914017
1376,0.914682
1377,0.915347
1378,0.916012
1379,0.916676
1380,0.917341
1381,0.918006
1382,0.918671
1383,0.919335
1384,0.92
1385,0.920665
1386,0.92133
1387,0.921994
1388,0.922659
1389,0.923324
1390,0.923989
1391,0.924653
1392,0.925318
1393,0.925983
1394,0.926648
1395,0.927312
1396,0.927977
1397,0.928642
1398,0.929307
1399,0.929971
1400,0.930636
1401,0.931301
1402,0.931965
1403,0.93263
1404,0.933295
1405,0.93396
1406,0.934624
1407,0.935289
1408,0.935954
1409,0.936619
1410,0.937283
1411,0.937948
1412,0.938613
1413,0.939278
1414,0.939942
1415,0.940607
1416,0.941272
1417,0.941937
1418,0.942601
1419,0.943266
1420,0.943931
1421,0.944596
1422,0.94526
1423,0.945925
1424,0.94659
1425,0.947254
1426,0.947919
1427,0.948584
1428,0.949249
1429,0.949913
1430,0.950578
1431,0.951243
1432,0.951908
1433,0.952572
1434,0.953237
1435,0.953902
1436,0.954567
1437,0.955231
1438,0.955896
1439,0.956561
1440,0.957226
1441,0.95789
1442,0.958555
1443,0.95922
1444,0.959885
1445,0.960549
1446,0.961214
1447,0.961879
1448,0.962543
1449,0.963208
1450,0.963873
1451,0.964538
1452,0.965202
1453,0.965867
1454,0.966532
1455,0.967197
1456,0.967861
1457,0.968526
1458,0.969191
1459,0.969856
1460,0.97052
1461,0.971185
1462,0.97185
1463,0.972515
1464,0.973179
1465,0.973844
1466,0.974509
1467,0.975174
1468,0.975838
1469,0.976503
1470,0.977168
1471,0.977832
1472,0.978497
1473,0.979162
1474,0.979827
1475,0.980491
1476,0.981156
1477,0.981821
1478,0.982486
1479,0.98315
1480,0.983815
1481,0.98448
1482,0.985145
1483,0.985809
1484,0.986474
1485,0.987139
1486,0.987804
1487,0.988468
1488,0.989133
1489,0.989798
1490,0.990463
1491,0.991127
1492,0.991792
1493,0.992457
1494,0.993122
1495,0.993786
1496,0.994451
1497,0.995116
1498,0.995781
1499,0.996445
1500,0.99711
1501,0.997775
1502,0.998439
1503,0.999104
1504,0.999769
1505,1.00043
1506,1.0011
1507,1.00176
1508,1.00243
1509,1.00309
1510,1.00376
1511,1.00442
1512,1.00509
1513,1.00575
1514,1.00642
1515,1.00708
1516,1.00775
1517,1.00841
1518,1.00908
1519,1.00974
1520,1.0104
1521,1.01107
1522,1.01173
1523,1.0124
1524,1.01306
1525,1.01373
1526,1.01439
1527,1.01506
1528,1.01572
1529,1.01639
1530,1.01705
1531,1.01772
1532,1.01838
1533,1.01905
1534,1.01971
1535,1.02038
1536,1.02104
1537,1.02171
1538,1.02237
1539,1.02303
1540,1.0237
1541,1.02436
1542,1.02503
1543,1.02569
1544,1.02636
1545,1.02702
1546,1.02769
1547,1.02835
1548,1.02902
1549,1.02968
1550,1.03035
1551,1.03101
1552,1.03168
1553,1.03234
1554,1.03301
1555,1.03367
1556,1.03434
1557,1.035
1558,1.03566
1559,1.03633
1560,1.03699
1561,1.03766
1562,1.03832
1563,1.03899
1564,1.03965
1565,1.04032
1566,1.04098
1567,1.04165
1568,1.04231
1569,1.04298
1570,1.04364
1571,1.04431
1572,1.04497
1573,1.04564
1574,1.0463
1575,1.04697
1576,1.04763
1577,1.04829
1578,1.04896
1579,1.04962
1580,1.05029
1581,1.05095
1582,1.05162
1583,1.05228
1584,1.05295
1585,1.05361
1586,1.05428
1587,1.05494
1588,1.05561
1589,1.05627
1590,1.05694
1591,1.0576
1592,1.05827
1593,1.05893
1594,1.0596
1595,1.06026
1596,1.06093
1597,1.06159
1598,1.06225
1599,1.06292
1600,1.06358
1601,1.06425
1602,1.06491
1603,1.06558
1604,1.06624
1605,1.06691
1606,1.06757
1607,1.06824
1608,1.0689
1609,1.06957
1610,1.07023
1611,1.0709
1612,1.07156
1613,1.07223
1614,1.07289
1615,1.07356
1616,1.07422
1617,1.07488
1618,1.07555
1619,1.07621
1620,1.07688
1621,1.07754
1622,1.07821
1623,1.07887
1624,1.07954
1625,1.0802
1626,1.08087
1627,1.08153
1628,1.0822
1629,1.08286
1630,1.08353
1631,1.08419
1632,1.08486
1633,1.08552
1634,1.08619
1635,1.08685
1636,1.08751
1637,1.08818
1638,1.08884
1639,1.08951
1640,1.09017
1641,1.09084
1642,1.0915
1643,1.09217
1644,1.09283
1645,1.0935
1646,1.09416
1647,1.09483
1648,1.09549
1649,1.09616
1650,1.09682
1651,1.09749
1652,1.09815
1653,1.09882
1654,1.09948
1655,1.10014
1656,1.10081
1657,1.10147
1658,1.10214
1659,1.1028
1660,1.10347
1661,1.10413
1662,1.1048
1663,1.10546
1664,1.10613
1665,1.10679
1666,1.10746
1667,1.10812
1668,1.10879
1669,1.10945
1670,1.11012
1671,1.11078
1672,1.11145
1673,1.11211
1674,1.11277
1675,1.11344
1676,1.1141
1677,1.11477
1678,1.11543
1679,1.1161
1680,1.11676
1681,1.11743
1682,1.11809
1683,1.11876
1684,1.11942
1685,1.12009
1686,1.12075
1687,1.12142
1688,1.12208
1689,1.12275
1690,1.12341
1691,1.12408
1692,1.12474
1693,1.1254
1694,1.12607
1695,1.12673
1696,1.1274
1697,1.12806
1698,1.12873
1699,1.12939
1700,1.13006
1701,1.13072
1702,1.13139
1703,1.13205
1704,1.13272
1705,1.13338
1706,1.13405
1707,1.13471
1708,1.13538
1709,1.13604
1710,1.13671
1711,1.13737
1712,1.13803
1713,1.1387
1714,1.13936
1715,1.14003
1716,1.14069
1717,1.14136
1718,1.14202
1719,1.14269
1720,1.14335
1721,1.14402
1722,1.14468
1723,1.14535
1724,1.14601
1725,1.14668
1726,1.14734
1727,1.14801
1728,1.14867
1729,1.14934
1730,1.15
1731,1.15066
1732,1.15133
1733,1.15199
1734,1.15266
1735,1.15332
1736,1.15399
1737,1.15465
1738,1.15532
1739,1.15598
1740,1.15665
1741,1.15731
1742,1.15798
1743,1.15864
1744,1.15931
1745,1.15997
1746,1.16064
1747,1.1613
1748,1.16197
1749,1.16263
1750,1.1633
1751,1.16396
1752,1.16462
1753,1.16529
1754,1.16595
1755,1.16662
1756,1.16728
1757,1.16795
1758,1.16861
1759,1.16928
1760,1.16994
1761,1.17061
1762,1.17127
1763,1.17194
1764,1.1726
1765,1.17327
1766,1.17393
1767,1.1746
1768,1.17526
1769,1.17593
1770,1.17659
1771,1.17725
1772,1.17792
1773,1.17858
1774,1.17925
1775,1.17991
1776,1.18058
1777,1.18124
1778,1.18191
1779,1.18257
1780,1.18324
1781,1.1839
1782,1.18457
1783,1.18523
1784,1.1859
1785,1.18656
1786,1.18723
1787,1.18789
1788,1.18856
1789,1.18922
1790,1.18988
1791,1.19055
1792,1.19121
1793,1.19188
1794,1.19254
1795,1.19321
1796,1.19387
1797,1.19454
1798,1.1952
1799,1.19587
1800,1.19653
1801,1.1972
1802,1.19786
1803,1.19853
1804,1.19919
1805,1.19986
1806,1.20052
1807,1.20119
1808,1.20185
1809,1.20251
1810,1.20318
1811,1.20384
1812,1.20451
1813,1.20517
1814,1.20584
1815,1.2065
1816,1.20717
1817,1.20783
1818,1.2085
1819,1.20916
1820,1.20983
1821,1.21049
1822,1.21116
1823,1.21182
1824,1.21249
1825,1.21315
1826,1.21382
1827,1.21448
1828,1.21514
1829,1.21581
1830,1.21647
1831,1.21714
1832,1.2178
1833,1.21847
1834,1.21913
1835,1.2198
1836,1.22046
1837,1.22113
1838,1.22179
1839,1.22246
1840,1.22312
1841,1.22379
1842,1.22445
1843,1.22512
1844,1.22578
1845,1.22645
1846,1.22711
1847,1.22777
1848,1.22844
1849,1.2291
1850,1.22977
1851,1.23043
1852,1.2311
1853,1.23176
1854,1.23243
1855,1.23309
1856,1.23376
1857,1.23442
1858,1.23509
1859,1.23575
1860,1.23642
1861,1.23708
1862,1.23775
1863,1.23841
1864,1.23908
1865,1.23974
1866,1.2404
1867,1.24107
1868,1.24173
1869,1.2424
1870,1.24306
1871,1.24373
1872,1.24439
1873,1.24506
1874,1.24572
1875,1.24639
1876,1.24705
1877,1.24772
1878,1.24838
1879,1.24905
1880,1.24971
1881,1.25038
1882,1.25104
1883,1.25171
1884,1.25237
1885,1.25303
1886,1.2537
1887,1.25436
1888,1.25503
1889,1.25569
1890,1.25636
1891,1.25702
1892,1.25769
1893,1.25835
1894,1.25902
1895,1.25968
1896,1.26035
1897,1.26101
1898,1.26168
1899,1.26234
1900,1.26301
1901,1.26367
1902,1.26434
1903,1.265
1904,1.26566
1905,1.26633
1906,1.26699
1907,1.26766
1908,1.26832
1909,1.26899
1910,1.26965
1911,1.27032
1912,1.27098
1913,1.27165
1914,1.27231
1915,1.27298
1916,1.27364
1917,1.27431
1918,1.27497
1919,1.27564
1920,1.2763
1921,1.27697
1922,1.27763
1923,1.2783
1924,1.27896
1925,1.27962
1926,1.28029
1927,1.28095
1928,1.28162
1929,1.28228
1930,1.28295
1931,1.28361
1932,1.28428
1933,1.28494
1934,1.28561
1935,1.28627
1936,1.28694
1937,1.2876
1938,1.28827
1939,1.28893
1940,1.2896
1941,1.29026
1942,1.29093
1943,1.29159
1944,1.29225
1945,1.29292
1946,1.29358
1947,1.29425
1948,1.29491
1949,1.29558
1950,1.29624
1951,1.29691
1952,1.29757
1953,1.29824
1954,1.2989
1955,1.29957
1956,1.30023
1957,1.3009
1958,1.30156
1959,1.30223
1960,1.30289
1961,1.30356
1962,1.30422
1963,1.30488
1964,1.30555
1965,1.30621
1966,1.30688
1967,1.30754
1968,1.30821
1969,1.30887
1970,1.30954
1971,1.3102
1972,1.31087
1973,1.31153
1974,1.3122
1975,1.31286
1976,1.31353
1977,1.31419
1978,1.31486
1979,1.31552
1980,1.31619
1981,1.31685
1982,1.31751
1983,1.31818
1984,1.31884
1985,1.31951
1986,1.32017
1987,1.32084
1988,1.3215
1989,1.32217
1990,1.32283
1991,1.3235
1992,1.32416
1993,1.32483
1994,1.32549
1995,1.32616
1996,1.32682
1997,1.32749
1998,1.32815
1999,1.32882
2000,1.32948
2001,1.33014
2002,1.33081
2003,1.33147
2004,1.33214
2005,1.3328
2006,1.33347
2007,1.33413
2008,1.3348
2009,1.33546
2010,1.33613
2011,1.33679
2012,1.33746
2013,1.33812
2014,1.33879
2015,1.33945
2016,1.34012
2017,1.34078
2018,1.34145
2019,1.34211
2020,1.34277
2021,1.34344
2022,1.3441
2023,1.34477
2024,1.34543
2025,1.3461
2026,1.34676
2027,1.34743
2028,1.34809
2029,1.34876
2030,1.34942
2031,1.35009
2032,1.35075
2033,1.35142
2034,1.35208
2035,1.35275
2036,1.35341
2037,1.35408
2038,1.35474
2039,1.3554
2040,1.35607
2041,1.35673
2042,1.3574
2043,1.35806
2044,1.35873
2045,1.35939
2046,1.36006
2047,1.36072
2048,1.36139
2049,1.36205
2050,1.36272
2051,1.36338
2052,1.36405
2053,1.36471
2054,1.36538
2055,1.36604
2056,1.36671
2057,1.36737
2058,1.36803
2059,1.3687
2060,1.36936
2061,1.37003
2062,1.37069
2063,1.37136
2064,1.37202
2065,1.37269
2066,1.37335
2067,1.37402
2068,1.37468
2069,1.37535
2070,1.37601
2071,1.37668
2072,1.37734
2073,1.37801
2074,1.37867
2075,1.37934
2076,1.38
2077,1.38066
2078,1.38133
2079,1.38199
2080,1.38266
2081,1.38332
2082,1.38399
2083,1.38465
2084,1.38532
2085,1.38598
2086,1.38665
2087,1.38731
2088,1.38798
2089,1.38864
2090,1.38931
2091,1.38997
2092,1.39064
2093,1.3913
2094,1.39197
2095,1.39263
2096,1.3933
2097,1.39396
2098,1.39462
2099,1.39529
2100,1.39595
2101,1.39662
2102,1.39728
2103,1.39795
2104,1.39861
2105,1.39928
2106,1.39994
2107,1.40061
2108,1.40127
2109,1.40194
2110,1.4026
2111,1.40327
2112,1.40393
2113,1.4046
2114,1.40526
2115,1.40593
2116,1.40659
2117,1.40725
2118,1.40792
2119,1.40858
2120,1.40925
2121,1.40991
2122,1.41058
2123,1.41124
2124,1.41191
2125,1.41257
2126,1.41324
2127,1.4139
2128,1.41457
2129,1.41523
2130,1.4159
2131,1.41656
2132,1.41723
2133,1.41789
2134,1.41856
2135,1.41922
2136,1.41988
2137,1.42055
2138,1.42121
2139,1.42188
2140,1.42254
2141,1.42321
2142,1.42387
2143,1.42454
2144,1.4252
2145,1.42587
2146,1.42653
2147,1.4272
2148,1.42786
2149,1.42853
2150,1.42919
2151,1.42986
2152,1.43052
2153,1.43119
2154,1.43185
2155,1.43251
2156,1.43318
2157,1.43384
2158,1.43451
2159,1.43517
2160,1.43584
2161,1.4365
2162,1.43717
2163,1.43783
2164,1.4385
2165,1.43916
2166,1.43983
2167,1.44049
2168,1.44116
2169,1.44182
2170,1.44249
2171,1.44315
2172,1.44382
2173,1.44448
2174,1.44514
2175,1.44581
2176,1.44647
2177,1.44714
2178,1.4478
2179,1.44847
2180,1.44913
2181,1.4498
2182,1.45046
2183,1.45113
2184,1.45179
2185,1.45246
2186,1.45312
2187,1.45379
2188,1.45445
2189,1.45512
2190,1.45578
2191,1.45645
2192,1.45711
2193,1.45777
2194,1.45844
2195,1.4591
2196,1.45977
2197,1.46043
2198,1.4611
2199,1.46176
2200,1.46243
2201,1.46309
2202,1.46376
2203,1.46442
2204,1.46509
2205,1.46575
2206,1.46642
2207,1.46708
2208,1.46775
2209,1.46841
2210,1.46908
2211,1.46974
2212,1.4704
2213,1.47107
2214,1.47173
2215,1.4724
2216,1.47306
2217,1.47373
2218,1.47439
2219,1.47506
2220,1.47572
2221,1.47639
2222,1.47705
2223,1.47772
2224,1.47838
2225,1.47905
2226,1.47971
2227,1.48038
2228,1.48104
2229,1.48171
2230,1.48237
2231,1.48303
2232,1.4837
2233,1.48436
2234,1.48503
2235,1.48569
2236,1.48636
2237,1.48702
2238,1.48769
2239,1.48835
2240,1.48902
2241,1.48968
2242,1.49035
2243,1.49101
2244,1.49168
2245,1.49234
2246,1.49301
2247,1.49367
2248,1.49434
2249,1.495
2250,1.49566
2251,1.49633
2252,1.49699
2253,1.49766
2254,1.49832
2255,1.49899
2256,1.49965
2257,1.50032
2258,1.50098
2259,1.50165
2260,1.50231
2261,1.50298
2262,1.50364
2263,1.50431
2264,1.50497
2265,1.50564
2266,1.5063
2267,1.50697
2268,1.50763
2269,1.5083
2270,1.50896
2271,1.50962
2272,1.51029
2273,1.51095
2274,1.51162
2275,1.51228
2276,1.51295
2277,1.51361
2278,1.51428
2279,1.51494
2280,1.51561
2281,1.51627
2282,1.51694
2283,1.5176
2284,1.51827
2285,1.51893
2286,1.5196
2287,1.52026
2288,1.52093
2289,1.52159
2290,1.52225
2291,1.52292
2292,1.52358
2293,1.52425
2294,1.52491
2295,1.52558
2296,1.52624
2297,1.52691
2298,1.52757
2299,1.52824
2300,1.5289
2301,1.52957
2302,1.53023
2303,1.5309
2304,1.53156
2305,1.53223
2306,1.53289
2307,1.53356
2308,1.53422
2309,1.53488
2310,1.53555
2311,1.53621
2312,1.53688
2313,1.53754
2314,1.53821
2315,1.53887
2316,1.53954
2317,1.5402
2318,1.54087
2319,1.54153
2320,1.5422
2321,1.54286
2322,1.54353
2323,1.54419
2324,1.54486
2325,1.54552
2326,1.54619
2327,1.54685
2328,1.54751
2329,1.54818
2330,1.54884
2331,1.54951
2332,1.55017
2333,1.55084
2334,1.5515
2335,1.55217
2336,1.55283
2337,1.5535
2338,1.55416
2339,1.55483
2340,1.55549
2341,1.55616
2342,1.55682
2343,1.55749
2344,1.55815
2345,1.55882
2346,1.55948
2347,1.56014
2348,1.56081
2349,1.56147
2350,1.56214
2351,1.5628
2352,1.56347
2353,1.56413
2354,1.5648
2355,1.56546
2356,1.56613
2357,1.56679
2358,1.56746
2359,1.56812
2360,1.56879
2361,1.56945
2362,1.57012
2363,1.57078
2364,1.57145
2365,1.57211
2366,1.57277
2367,1.57344
2368,1.5741
2369,1.57477
2370,1.57543
2371,1.5761
2372,1.57676
2373,1.57743
2374,1.57809
2375,1.57876
2376,1.57942
2377,1.58009
2378,1.58075
2379,1.58142
2380,1.58208
2381,1.58275
2382,1.58341
2383,1.58408
2384,1.58474
2385,1.5854
2386,1.58607
2387,1.58673
2388,1.5874
2389,1.58806
2390,1.58873
2391,1.58939
2392,1.59006
2393,1.59072
2394,1.59139
2395,1.59205
2396,1.59272
2397,1.59338
2398,1.59405
2399,1.59471
2400,1.59538
2401,1.59604
2402,1.59671
2403,1.59737
2404,1.59803
2405,1.5987
2406,1.59936
2407,1.60003
2408,1.60069
2409,1.60136
2410,1.60202
2411,1.60269
2412,1.60335
2413,1.60402
2414,1.60468
2415,1.60535
2416,1.60601
2417,1.60668
2418,1.60734
2419,1.60801
2420,1.60867
2421,1.60934
2422,1.61
2423,1.61066
2424,1.61133
2425,1.61199
2426,1.61266
2427,1.61332
2428,1.61399
2429,1.61465
2430,1.61532
2431,1.61598
2432,1.61665
2433,1.61731
2434,1.61798
2435,1.61864
2436,1.61931
2437,1.61997
2438,1.62064
2439,1.6213
2440,1.62197
2441,1.62263
2442,1.6233
2443,1.62396
2444,1.62462
2445,1.62529
2446,1.62595
2447,1.62662
2448,1.62728
2449,1.62795
2450,1.62861
2451,1.62928
2452,1.62994
2453,1.63061
2454,1.63127
2455,1.63194
2456,1.6326
2457,1.63327
2458,1.63393
2459,1.6346
2460,1.63526
2461,1.63593
2462,1.63659
2463,1.63725
2464,1.63792
2465,1.63858
2466,1.63925
2467,1.63991
2468,1.64058
2469,1.64124
2470,1.64191
2471,1.64257
2472,1.64324
2473,1.6439
2474,1.64457
2475,1.64523
2476,1.6459
2477,1.64656
2478,1.64723
2479,1.64789
2480,1.64856
2481,1.64922
2482,1.64988
2483,1.65055
2484,1.65121
2485,1.65188
2486,1.65254
2487,1.65321
2488,1.65387
2489,1.65454
2490,1.6552
2491,1.65587
2492,1.65653
2493,1.6572
2494,1.65786
2495,1.65853
2496,1.65919
2497,1.65986
2498,1.66052
2499,1.66119
2500,1.66185
2501,1.66251
2502,1.66318
2503,1.66384
2504,1.66451
2505,1.66517
2506,1.66584
2507,1.6665
2508,1.66717
2509,1.66783
2510,1.6685
2511,1.66916
2512,1.66983
2513,1.67049
2514,1.67116
2515,1.67182
2516,1.67249
2517,1.67315
2518,1.67382
2519,1.67448
2520,1.67514
2521,1.67581
2522,1.67647
2523,1.67714
2524,1.6778
2525,1.67847
2526,1.67913
2527,1.6798
2528,1.68046
2529,1.68113
2530,1.68179
2531,1.68246
2532,1.68312
2533,1.68379
2534,1.68445
2535,1.68512
2536,1.68578
2537,1.68645
2538,1.68711
2539,1.68777
2540,1.68844
2541,1.6891
2542,1.68977
2543,1.69043
2544,1.6911
2545,1.69176
2546,1.69243
2547,1.69309
2548,1.69376
2549,1.69442
2550,1.69509
2551,1.69575
2552,1.69642
2553,1.69708
2554,1.69775
2555,1.69841
2556,1.69908
2557,1.69974
2558,1.7004
2559,1.70107
2560,1.70173
2561,1.7024
2562,1.70306
2563,1.70373
2564,1.70439
2565,1.70506
2566,1.70572
2567,1.70639
2568,1.70705
2569,1.70772
2570,1.70838
2571,1.70905
2572,1.70971
2573,1.71038
2574,1.71104
2575,1.71171
2576,1.71237
2577,1.71303
2578,1.7137
2579,1.71436
2580,1.71503
2581,1.71569
2582,1.71636
2583,1.71702
2584,1.71769
2585,1.71835
2586,1.71902
2587,1.71968
2588,1.72035
2589,1.72101
2590,1.72168
2591,1.72234
2592,1.72301
2593,1.72367
2594,1.72434
2595,1.725
2596,1.72566
2597,1.72633
2598,1.72699
2599,1.72766
2600,1.72832
2601,1.72899
2602,1.72965
2603,1.73032
2604,1.73098
2605,1.73165
2606,1.73231
2607,1.73298
2608,1.73364
2609,1.73431
2610,1.73497
2611,1.73564
2612,1.7363
2613,1.73697
2614,1.73763
2615,1.7383
2616,1.73896
2617,1.73962
2618,1.74029
2619,1.74095
2620,1.74162
2621,1.74228
2622,1.74295
2623,1.74361
2624,1.74428
2625,1.74494
2626,1.74561
2627,1.74627
2628,1.74694
2629,1.7476
2630,1.74827
2631,1.74893
2632,1.7496
2633,1.75026
2634,1.75093
2635,1.75159
2636,1.75225
2637,1.75292
2638,1.75358
2639,1.75425
2640,1.75491
2641,1.75558
2642,1.75624
2643,1.75691
2644,1.75757
2645,1.75824
2646,1.7589
2647,1.75957
2648,1.76023
2649,1.7609
2650,1.76156
2651,1.76223
2652,1.76289
2653,1.76356
2654,1.76422
2655,1.76488
2656,1.76555
2657,1.76621
2658,1.76688
2659,1.76754
2660,1.76821
2661,1.76887
2662,1.76954
2663,1.7702
2664,1.77087
2665,1.77153
2666,1.7722
2667,1.77286
2668,1.77353
2669,1.77419
2670,1.77486
2671,1.77552
2672,1.77619
2673,1.77685
2674,1.77751
2675,1.77818
2676,1.77884
2677,1.77951
2678,1.78017
2679,1.78084
2680,1.7815
2681,1.78217
2682,1.78283
2683,1.7835
2684,1.78416
2685,1.78483
2686,1.78549
2687,1.78616
2688,1.78682
2689,1.78749
2690,1.78815
2691,1.78882
2692,1.78948
2693,1.79014
2694,1.79081
2695,1.79147
2696,1.79214
2697,1.7928
2698,1.79347
2699,1.79413
2700,1.7948
2701,1.79546
2702,1.79613
2703,1.79679
2704,1.79746
2705,1.79812
2706,1.79879
2707,1.79945
2708,1.80012
2709,1.80078
2710,1.80145
2711,1.80211
2712,1.80277
2713,1.80344
2714,1.8041
2715,1.80477
2716,1.80543
2717,1.8061
2718,1.80676
2719,1.80743
2720,1.80809
2721,1.80876
2722,1.80942
2723,1.81009
2724,1.81075
2725,1.81142
2726,1.81208
2727,1.81275
2728,1.81341
2729,1.81408
2730,1.81474
2731,1.8154
2732,1.81607
2733,1.81673
2734,1.8174
2735,1.81806
2736,1.81873
2737,1.81939
2738,1.82006
2739,1.82072
2740,1.82139
2741,1.82205
2742,1.82272
2743,1.82338
2744,1.82405
2745,1.82471
2746,1.82538
2747,1.82604
2748,1.82671
2749,1.82737
2750,1.82803
2751,1.8287
2752,1.82936
2753,1.83003
2754,1.83069
2755,1.83136
2756,1.83202
2757,1.83269
2758,1.83335
2759,1.83402
2760,1.83468
2761,1.83535
2762,1.83601
2763,1.83668
2764,1.83734
2765,1.83801
2766,1.83867
2767,1.83934
2768,1.84
2769,1.84066
2770,1.84133
2771,1.84199
2772,1.84266
2773,1.84332
2774,1.84399
2775,1.84465
2776,1.84532
2777,1.84598
2778,1.84665
2779,1.84731
2780,1.84798
2781,1.84864
2782,1.84931
2783,1.84997
2784,1.85064
2785,1.8513
2786,1.85197
2787,1.85263
2788,1.8533
2789,1.85396
2790,1.85462
2791,1.85529
2792,1.85595
2793,1.85662
2794,1.85728
2795,1.85795
2796,1.85861
2797,1.85928
2798,1.85994
2799,1.86061
2800,1.86127
2801,1.86194
2802,1.8626
2803,1.86327
2804,1.86393
2805,1.8646
2806,1.86526
2807,1.86593
2808,1.86659
2809,1.86725
2810,1.86792
2811,1.86858
2812,1.86925
2813,1.86991
2814,1.87058
2815,1.87124
2816,1.87191
2817,1.87257
2818,1.87324
2819,1.8739
2820,1.87457
2821,1.87523
2822,1.8759
2823,1.87656
2824,1.87723
2825,1.87789
2826,1.87856
2827,1.87922
2828,1.87988
2829,1.88055
2830,1.88121
2831,1.88188
2832,1.88254
2833,1.88321
2834,1.88387
2835,1.88454
2836,1.8852
2837,1.88587
2838,1.88653
2839,1.8872
2840,1.88786
2841,1.88853
2842,1.88919
2843,1.88986
2844,1.89052
2845,1.89119
2846,1.89185
2847,1.89251
2848,1.89318
2849,1.89384
2850,1.89451
2851,1.89517
2852,1.89584
2853,1.8965
2854,1.89717
2855,1.89783
2856,1.8985
2857,1.89916
2858,1.89983
2859,1.90049
2860,1.90116
2861,1.90182
2862,1.90249
2863,1.90315
2864,1.90382
2865,1.90448
2866,1.90514
2867,1.90581
2868,1.90647
2869,1.90714
2870,1.9078
2871,1.90847
2872,1.90913
2873,1.9098
2874,1.91046
2875,1.91113
2876,1.91179
2877,1.91246
2878,1.91312
2879,1.91379
2880,1.91445
2881,1.91512
2882,1.91578
2883,1.91645
2884,1.91711
2885,1.91777
2886,1.91844
2887,1.9191
2888,1.91977
2889,1.92043
2890,1.9211
2891,1.92176
2892,1.92243
2893,1.92309
2894,1.92376
2895,1.92442
2896,1.92509
2897,1.92575
2898,1.92642
2899,1.92708
2900,1.92775
2901,1.92841
2902,1.92908
2903,1.92974
2904,1.9304
2905,1.93107
2906,1.93173
2907,1.9324
2908,1.93306
2909,1.93373
2910,1.93439
2911,1.93506
2912,1.93572
2913,1.93639
2914,1.93705
2915,1.93772
2916,1.93838
2917,1.93905
2918,1.93971
2919,1.94038
2920,1.94104
2921,1.94171
2922,1.94237
2923,1.94304
2924,1.9437
2925,1.94436
2926,1.94503
2927,1.94569
2928,1.94636
2929,1.94702
2930,1.94769
2931,1.94835
2932,1.94902
2933,1.94968
2934,1.95035
2935,1.95101
2936,1.95168
2937,1.95234
2938,1.95301
2939,1.95367
2940,1.95434
2941,1.955
2942,1.95566
2943,1.95633
2944,1.95699
2945,1.95766
2946,1.95832
2947,1.95899
2948,1.95965
2949,1.96032
2950,1.96098
2951,1.96165
2952,1.96231
2953,1.96298
2954,1.96364
2955,1.96431
2956,1.96497
2957,1.96564
2958,1.9663
2959,1.96697
2960,1.96763
2961,1.9683
2962,1.96896
2963,1.96962
2964,1.97029
2965,1.97095
2966,1.97162
2967,1.97228
2968,1.97295
2969,1.97361
2970,1.97428
2971,1.97494
2972,1.97561
2973,1.97627
2974,1.97694
2975,1.9776
2976,1.97827
2977,1.97893
2978,1.9796
2979,1.98026
2980,1.98093
2981,1.98159
2982,1.98225
2983,1.98292
2984,1.98358
2985,1.98425
2986,1.98491
2987,1.98558
2988,1.98624
2989,1.98691
2990,1.98757
2991,1.98824
2992,1.9889
2993,1.98957
2994,1.99023
2995,1.9909
2996,1.99156
2997,1.99223
2998,1.99289
2999,1.99356
3000,1.99422
