 Copyright (C) 1995-2019 - All Rights Reserved
 University Corporation for Atmospheric Research
 NCAR Command Language Version 6.6.2
 The use of this software is governed by a License Agreement.
 See http://www.ncl.ucar.edu/ for more details.
Temperature (K), Mixing Ratio (KG/KG), Pressure (Pa)
273,0.01,10000,26.0164
273,0.01,10500,27.3476
273,0.01,11000,28.6788
273,0.01,11500,30.01
273,0.01,12000,31.3412
273,0.01,12500,32.6724
273,0.01,13000,34.0036
273,0.01,13500,35.3348
273,0.01,14000,36.666
273,0.01,14500,37.9972
273,0.01,15000,39.3284
273,0.02,10000,52.0327
273,0.02,10500,54.6951
273,0.02,11000,57.3575
273,0.02,11500,60.0199
273,0.02,12000,62.6823
273,0.02,12500,65.3447
273,0.02,13000,68.0072
273,0.02,13500,70.6696
273,0.02,14000,73.332
273,0.02,14500,75.9944
273,0.02,15000,78.6568
273,0.03,10000,78.0491
273,0.03,10500,82.0427
273,0.03,11000,86.0363
273,0.03,11500,90.0299
273,0.03,12000,94.0235
273,0.03,12500,98.0171
273,0.03,13000,102.011
273,0.03,13500,106.004
273,0.03,14000,109.998
273,0.03,14500,113.992
273,0.03,15000,117.985
273,0.04,10000,104.065
273,0.04,10500,109.39
273,0.04,11000,114.715
273,0.04,11500,120.04
273,0.04,12000,125.365
273,0.04,12500,130.689
273,0.04,13000,136.014
273,0.04,13500,141.339
273,0.04,14000,146.664
273,0.04,14500,151.989
273,0.04,15000,157.314
273,0.05,10000,130.082
273,0.05,10500,136.738
273,0.05,11000,143.394
273,0.05,11500,150.05
273,0.05,12000,156.706
273,0.05,12500,163.362
273,0.05,13000,170.018
273,0.05,13500,176.674
273,0.05,14000,183.33
273,0.05,14500,189.986
273,0.05,15000,196.642
274,0.01,10000,24.1536
274,0.01,10500,25.3917
274,0.01,11000,26.6297
274,0.01,11500,27.8678
274,0.01,12000,29.1059
274,0.01,12500,30.3439
274,0.01,13000,31.582
274,0.01,13500,32.8201
274,0.01,14000,34.0581
274,0.01,14500,35.2962
274,0.01,15000,36.5343
274,0.02,10000,48.3072
274,0.02,10500,50.7833
274,0.02,11000,53.2595
274,0.02,11500,55.7356
274,0.02,12000,58.2117
274,0.02,12500,60.6879
274,0.02,13000,63.164
274,0.02,13500,65.6401
274,0.02,14000,68.1163
274,0.02,14500,70.5924
274,0.02,15000,73.0685
274,0.03,10000,72.4608
274,0.03,10500,76.175
274,0.03,11000,79.8892
274,0.03,11500,83.6034
274,0.03,12000,87.3176
274,0.03,12500,91.0318
274,0.03,13000,94.746
274,0.03,13500,98.4602
274,0.03,14000,102.174
274,0.03,14500,105.889
274,0.03,15000,109.603
274,0.04,10000,96.6144
274,0.04,10500,101.567
274,0.04,11000,106.519
274,0.04,11500,111.471
274,0.04,12000,116.423
274,0.04,12500,121.376
274,0.04,13000,126.328
274,0.04,13500,131.28
274,0.04,14000,136.233
274,0.04,14500,141.185
274,0.04,15000,146.137
274,0.05,10000,120.768
274,0.05,10500,126.958
274,0.05,11000,133.149
274,0.05,11500,139.339
274,0.05,12000,145.529
274,0.05,12500,151.72
274,0.05,13000,157.91
274,0.05,13500,164.1
274,0.05,14000,170.291
274,0.05,14500,176.481
274,0.05,15000,182.671
275,0.01,10000,22.4369
275,0.01,10500,23.5891
275,0.01,11000,24.7414
275,0.01,11500,25.8936
275,0.01,12000,27.0458
275,0.01,12500,28.1981
275,0.01,13000,29.3503
275,0.01,13500,30.5025
275,0.01,14000,31.6547
275,0.01,14500,32.807
275,0.01,15000,33.9592
275,0.02,10000,44.8738
275,0.02,10500,47.1783
275,0.02,11000,49.4827
275,0.02,11500,51.7872
275,0.02,12000,54.0916
275,0.02,12500,56.3961
275,0.02,13000,58.7006
275,0.02,13500,61.005
275,0.02,14000,63.3095
275,0.02,14500,65.614
275,0.02,15000,67.9184
275,0.03,10000,67.3107
275,0.03,10500,70.7674
275,0.03,11000,74.2241
275,0.03,11500,77.6808
275,0.03,12000,81.1375
275,0.03,12500,84.5942
275,0.03,13000,88.0509
275,0.03,13500,91.5076
275,0.03,14000,94.9642
275,0.03,14500,98.4209
275,0.03,15000,101.878
275,0.04,10000,89.7476
275,0.04,10500,94.3565
275,0.04,11000,98.9655
275,0.04,11500,103.574
275,0.04,12000,108.183
275,0.04,12500,112.792
275,0.04,13000,117.401
275,0.04,13500,122.01
275,0.04,14000,126.619
275,0.04,14500,131.228
275,0.04,15000,135.837
275,0.05,10000,112.185
275,0.05,10500,117.946
275,0.05,11000,123.707
275,0.05,11500,129.468
275,0.05,12000,135.229
275,0.05,12500,140.99
275,0.05,13000,146.751
275,0.05,13500,152.513
275,0.05,14000,158.274
275,0.05,14500,164.035
275,0.05,15000,169.796
276,0.01,10000,20.8514
276,0.01,10500,21.9243
276,0.01,11000,22.9973
276,0.01,11500,24.0703
276,0.01,12000,25.1432
276,0.01,12500,26.2162
276,0.01,13000,27.2891
276,0.01,13500,28.3621
276,0.01,14000,29.435
276,0.01,14500,30.508
276,0.01,15000,31.5809
276,0.02,10000,41.7028
276,0.02,10500,43.8487
276,0.02,11000,45.9946
276,0.02,11500,48.1405
276,0.02,12000,50.2864
276,0.02,12500,52.4323
276,0.02,13000,54.5782
276,0.02,13500,56.7241
276,0.02,14000,58.8701
276,0.02,14500,61.016
276,0.02,15000,63.1619
276,0.03,10000,62.5542
276,0.03,10500,65.773
276,0.03,11000,68.9919
276,0.03,11500,72.2108
276,0.03,12000,75.4296
276,0.03,12500,78.6485
276,0.03,13000,81.8674
276,0.03,13500,85.0862
276,0.03,14000,88.3051
276,0.03,14500,91.524
276,0.03,15000,94.7428
276,0.04,10000,83.4056
276,0.04,10500,87.6974
276,0.04,11000,91.9892
276,0.04,11500,96.281
276,0.04,12000,100.573
276,0.04,12500,104.865
276,0.04,13000,109.156
276,0.04,13500,113.448
276,0.04,14000,117.74
276,0.04,14500,122.032
276,0.04,15000,126.324
276,0.05,10000,104.257
276,0.05,10500,109.622
276,0.05,11000,114.986
276,0.05,11500,120.351
276,0.05,12000,125.716
276,0.05,12500,131.081
276,0.05,13000,136.446
276,0.05,13500,141.81
276,0.05,14000,147.175
276,0.05,14500,152.54
276,0.05,15000,157.905
277,0.01,10000,19.3869
277,0.01,10500,20.3866
277,0.01,11000,21.3864
277,0.01,11500,22.3861
277,0.01,12000,23.3858
277,0.01,12500,24.3856
277,0.01,13000,25.3853
277,0.01,13500,26.385
277,0.01,14000,27.3848
277,0.01,14500,28.3845
277,0.01,15000,29.3842
277,0.02,10000,38.7738
277,0.02,10500,40.7733
277,0.02,11000,42.7728
277,0.02,11500,44.7722
277,0.02,12000,46.7717
277,0.02,12500,48.7711
277,0.02,13000,50.7706
277,0.02,13500,52.7701
277,0.02,14000,54.7695
277,0.02,14500,56.769
277,0.02,15000,58.7685
277,0.03,10000,58.1607
277,0.03,10500,61.1599
277,0.03,11000,64.1591
277,0.03,11500,67.1583
277,0.03,12000,70.1575
277,0.03,12500,73.1567
277,0.03,13000,76.1559
277,0.03,13500,79.1551
277,0.03,14000,82.1543
277,0.03,14500,85.1535
277,0.03,15000,88.1527
277,0.04,10000,77.5477
277,0.04,10500,81.5466
277,0.04,11000,85.5455
277,0.04,11500,89.5444
277,0.04,12000,93.5434
277,0.04,12500,97.5423
277,0.04,13000,101.541
277,0.04,13500,105.54
277,0.04,14000,109.539
277,0.04,14500,113.538
277,0.04,15000,117.537
277,0.05,10000,96.9346
277,0.05,10500,101.933
277,0.05,11000,106.932
277,0.05,11500,111.931
277,0.05,12000,116.929
277,0.05,12500,121.928
277,0.05,13000,126.927
277,0.05,13500,131.925
277,0.05,14000,136.924
277,0.05,14500,141.922
277,0.05,15000,146.921
278,0.01,10000,18.0328
278,0.01,10500,18.9649
278,0.01,11000,19.8969
278,0.01,11500,20.8289
278,0.01,12000,21.761
278,0.01,12500,22.693
278,0.01,13000,23.625
278,0.01,13500,24.557
278,0.01,14000,25.4891
278,0.01,14500,26.4211
278,0.01,15000,27.3531
278,0.02,10000,36.0657
278,0.02,10500,37.9297
278,0.02,11000,39.7938
278,0.02,11500,41.6579
278,0.02,12000,43.5219
278,0.02,12500,45.386
278,0.02,13000,47.25
278,0.02,13500,49.1141
278,0.02,14000,50.9781
278,0.02,14500,52.8422
278,0.02,15000,54.7062
278,0.03,10000,54.0985
278,0.03,10500,56.8946
278,0.03,11000,59.6907
278,0.03,11500,62.4868
278,0.03,12000,65.2829
278,0.03,12500,68.0789
278,0.03,13000,70.875
278,0.03,13500,73.6711
278,0.03,14000,76.4672
278,0.03,14500,79.2633
278,0.03,15000,82.0594
278,0.04,10000,72.1314
278,0.04,10500,75.8595
278,0.04,11000,79.5876
278,0.04,11500,83.3157
278,0.04,12000,87.0438
278,0.04,12500,90.7719
278,0.04,13000,94.5
278,0.04,13500,98.2282
278,0.04,14000,101.956
278,0.04,14500,105.684
278,0.04,15000,109.412
278,0.05,10000,90.1642
278,0.05,10500,94.8244
278,0.05,11000,99.4845
278,0.05,11500,104.145
278,0.05,12000,108.805
278,0.05,12500,113.465
278,0.05,13000,118.125
278,0.05,13500,122.785
278,0.05,14000,127.445
278,0.05,14500,132.105
278,0.05,15000,136.766
279,0.01,10000,16.7803
279,0.01,10500,17.6497
279,0.01,11000,18.5191
279,0.01,11500,19.3885
279,0.01,12000,20.2579
279,0.01,12500,21.1273
279,0.01,13000,21.9967
279,0.01,13500,22.8661
279,0.01,14000,23.7355
279,0.01,14500,24.6049
279,0.01,15000,25.4743
279,0.02,10000,33.5606
279,0.02,10500,35.2994
279,0.02,11000,37.0382
279,0.02,11500,38.777
279,0.02,12000,40.5158
279,0.02,12500,42.2546
279,0.02,13000,43.9934
279,0.02,13500,45.7322
279,0.02,14000,47.471
279,0.02,14500,49.2098
279,0.02,15000,50.9486
279,0.03,10000,50.3408
279,0.03,10500,52.949
279,0.03,11000,55.5572
279,0.03,11500,58.1654
279,0.03,12000,60.7736
279,0.03,12500,63.3818
279,0.03,13000,65.99
279,0.03,13500,68.5982
279,0.03,14000,71.2064
279,0.03,14500,73.8146
279,0.03,15000,76.4228
279,0.04,10000,67.1211
279,0.04,10500,70.5987
279,0.04,11000,74.0763
279,0.04,11500,77.5539
279,0.04,12000,81.0315
279,0.04,12500,84.5091
279,0.04,13000,87.9867
279,0.04,13500,91.4643
279,0.04,14000,94.9419
279,0.04,14500,98.4195
279,0.04,15000,101.897
279,0.05,10000,83.9014
279,0.05,10500,88.2484
279,0.05,11000,92.5954
279,0.05,11500,96.9424
279,0.05,12000,101.289
279,0.05,12500,105.636
279,0.05,13000,109.983
279,0.05,13500,114.33
279,0.05,14000,118.677
279,0.05,14500,123.024
279,0.05,15000,127.371
280,0.01,10000,15.6214
280,0.01,10500,16.4329
280,0.01,11000,17.2443
280,0.01,11500,18.0558
280,0.01,12000,18.8673
280,0.01,12500,19.6787
280,0.01,13000,20.4902
280,0.01,13500,21.3016
280,0.01,14000,22.1131
280,0.01,14500,22.9245
280,0.01,15000,23.736
280,0.02,10000,31.2428
280,0.02,10500,32.8658
280,0.02,11000,34.4887
280,0.02,11500,36.1116
280,0.02,12000,37.7345
280,0.02,12500,39.3574
280,0.02,13000,40.9803
280,0.02,13500,42.6032
280,0.02,14000,44.2262
280,0.02,14500,45.8491
280,0.02,15000,47.472
280,0.03,10000,46.8643
280,0.03,10500,49.2986
280,0.03,11000,51.733
280,0.03,11500,54.1674
280,0.03,12000,56.6018
280,0.03,12500,59.0361
280,0.03,13000,61.4705
280,0.03,13500,63.9049
280,0.03,14000,66.3392
280,0.03,14500,68.7736
280,0.03,15000,71.208
280,0.04,10000,62.4857
280,0.04,10500,65.7315
280,0.04,11000,68.9773
280,0.04,11500,72.2232
280,0.04,12000,75.469
280,0.04,12500,78.7148
280,0.04,13000,81.9607
280,0.04,13500,85.2065
280,0.04,14000,88.4523
280,0.04,14500,91.6981
280,0.04,15000,94.944
280,0.05,10000,78.1071
280,0.05,10500,82.1644
280,0.05,11000,86.2217
280,0.05,11500,90.279
280,0.05,12000,94.3363
280,0.05,12500,98.3935
280,0.05,13000,102.451
280,0.05,13500,106.508
280,0.05,14000,110.565
280,0.05,14500,114.623
280,0.05,15000,118.68
281,0.01,10000,14.5472
281,0.01,10500,15.3049
281,0.01,11000,16.0627
281,0.01,11500,16.8204
281,0.01,12000,17.5782
281,0.01,12500,18.3359
281,0.01,13000,19.0937
281,0.01,13500,19.8514
281,0.01,14000,20.6091
281,0.01,14500,21.3669
281,0.01,15000,22.1246
281,0.02,10000,29.0944
281,0.02,10500,30.6099
281,0.02,11000,32.1254
281,0.02,11500,33.6408
281,0.02,12000,35.1563
281,0.02,12500,36.6718
281,0.02,13000,38.1873
281,0.02,13500,39.7028
281,0.02,14000,41.2183
281,0.02,14500,42.7338
281,0.02,15000,44.2493
281,0.03,10000,43.6416
281,0.03,10500,45.9148
281,0.03,11000,48.188
281,0.03,11500,50.4613
281,0.03,12000,52.7345
281,0.03,12500,55.0077
281,0.03,13000,57.281
281,0.03,13500,59.5542
281,0.03,14000,61.8274
281,0.03,14500,64.1007
281,0.03,15000,66.3739
281,0.04,10000,58.1887
281,0.04,10500,61.2197
281,0.04,11000,64.2507
281,0.04,11500,67.2817
281,0.04,12000,70.3127
281,0.04,12500,73.3437
281,0.04,13000,76.3746
281,0.04,13500,79.4056
281,0.04,14000,82.4366
281,0.04,14500,85.4676
281,0.04,15000,88.4986
281,0.05,10000,72.7359
281,0.05,10500,76.5247
281,0.05,11000,80.3134
281,0.05,11500,84.1021
281,0.05,12000,87.8908
281,0.05,12500,91.6796
281,0.05,13000,95.4683
281,0.05,13500,99.257
281,0.05,14000,103.046
281,0.05,14500,106.834
281,0.05,15000,110.623
282,0.01,10000,13.5526
282,0.01,10500,14.2606
282,0.01,11000,14.9686
282,0.01,11500,15.6766
282,0.01,12000,16.3847
282,0.01,12500,17.0927
282,0.01,13000,17.8007
282,0.01,13500,18.5087
282,0.01,14000,19.2167
282,0.01,14500,19.9247
282,0.01,15000,20.6328
282,0.02,10000,27.1052
282,0.02,10500,28.5212
282,0.02,11000,29.9373
282,0.02,11500,31.3533
282,0.02,12000,32.7693
282,0.02,12500,34.1854
282,0.02,13000,35.6014
282,0.02,13500,37.0174
282,0.02,14000,38.4335
282,0.02,14500,39.8495
282,0.02,15000,41.2655
282,0.03,10000,40.6578
282,0.03,10500,42.7818
282,0.03,11000,44.9059
282,0.03,11500,47.0299
282,0.03,12000,49.154
282,0.03,12500,51.278
282,0.03,13000,53.4021
282,0.03,13500,55.5261
282,0.03,14000,57.6502
282,0.03,14500,59.7742
282,0.03,15000,61.8983
282,0.04,10000,54.2104
282,0.04,10500,57.0425
282,0.04,11000,59.8745
282,0.04,11500,62.7066
282,0.04,12000,65.5387
282,0.04,12500,68.3707
282,0.04,13000,71.2028
282,0.04,13500,74.0348
282,0.04,14000,76.8669
282,0.04,14500,79.699
282,0.04,15000,82.531
282,0.05,10000,67.763
282,0.05,10500,71.3031
282,0.05,11000,74.8432
282,0.05,11500,78.3832
282,0.05,12000,81.9233
282,0.05,12500,85.4634
282,0.05,13000,89.0035
282,0.05,13500,92.5435
282,0.05,14000,96.0836
282,0.05,14500,99.6237
282,0.05,15000,103.164
283,0.01,10000,12.6307
283,0.01,10500,13.2926
283,0.01,11000,13.9546
283,0.01,11500,14.6165
283,0.01,12000,15.2784
283,0.01,12500,15.9403
283,0.01,13000,16.6022
283,0.01,13500,17.2642
283,0.01,14000,17.9261
283,0.01,14500,18.588
283,0.01,15000,19.2499
283,0.02,10000,25.2614
283,0.02,10500,26.5853
283,0.02,11000,27.9091
283,0.02,11500,29.233
283,0.02,12000,30.5568
283,0.02,12500,31.8806
283,0.02,13000,33.2045
283,0.02,13500,34.5283
283,0.02,14000,35.8522
283,0.02,14500,37.176
283,0.02,15000,38.4998
283,0.03,10000,37.8921
283,0.03,10500,39.8779
283,0.03,11000,41.8637
283,0.03,11500,43.8494
283,0.03,12000,45.8352
283,0.03,12500,47.821
283,0.03,13000,49.8067
283,0.03,13500,51.7925
283,0.03,14000,53.7782
283,0.03,14500,55.764
283,0.03,15000,57.7498
283,0.04,10000,50.5228
283,0.04,10500,53.1705
283,0.04,11000,55.8182
283,0.04,11500,58.4659
283,0.04,12000,61.1136
283,0.04,12500,63.7613
283,0.04,13000,66.409
283,0.04,13500,69.0566
283,0.04,14000,71.7043
283,0.04,14500,74.352
283,0.04,15000,76.9997
283,0.05,10000,63.1535
283,0.05,10500,66.4632
283,0.05,11000,69.7728
283,0.05,11500,73.0824
283,0.05,12000,76.392
283,0.05,12500,79.7016
283,0.05,13000,83.0112
283,0.05,13500,86.3208
283,0.05,14000,89.6304
283,0.05,14500,92.94
283,0.05,15000,96.2496
284,0.01,10000,11.7751
284,0.01,10500,12.3942
284,0.01,11000,13.0134
284,0.01,11500,13.6325
284,0.01,12000,14.2516
284,0.01,12500,14.8708
284,0.01,13000,15.4899
284,0.01,13500,16.109
284,0.01,14000,16.7282
284,0.01,14500,17.3473
284,0.01,15000,17.9665
284,0.02,10000,23.5501
284,0.02,10500,24.7884
284,0.02,11000,26.0267
284,0.02,11500,27.265
284,0.02,12000,28.5033
284,0.02,12500,29.7415
284,0.02,13000,30.9798
284,0.02,13500,32.2181
284,0.02,14000,33.4564
284,0.02,14500,34.6947
284,0.02,15000,35.9329
284,0.03,10000,35.3252
284,0.03,10500,37.1826
284,0.03,11000,39.0401
284,0.03,11500,40.8975
284,0.03,12000,42.7549
284,0.03,12500,44.6123
284,0.03,13000,46.4697
284,0.03,13500,48.3271
284,0.03,14000,50.1846
284,0.03,14500,52.042
284,0.03,15000,53.8994
284,0.04,10000,47.1003
284,0.04,10500,49.5768
284,0.04,11000,52.0534
284,0.04,11500,54.53
284,0.04,12000,57.0065
284,0.04,12500,59.4831
284,0.04,13000,61.9596
284,0.04,13500,64.4362
284,0.04,14000,66.9128
284,0.04,14500,69.3893
284,0.04,15000,71.8659
284,0.05,10000,58.8754
284,0.05,10500,61.9711
284,0.05,11000,65.0668
284,0.05,11500,68.1625
284,0.05,12000,71.2581
284,0.05,12500,74.3538
284,0.05,13000,77.4495
284,0.05,13500,80.5452
284,0.05,14000,83.6409
284,0.05,14500,86.7366
284,0.05,15000,89.8323
285,0.01,10000,10.9808
285,0.01,10500,11.5603
285,0.01,11000,12.1397
285,0.01,11500,12.7191
285,0.01,12000,13.2985
285,0.01,12500,13.878
285,0.01,13000,14.4574
285,0.01,13500,15.0368
285,0.01,14000,15.6163
285,0.01,14500,16.1957
285,0.01,15000,16.7751
285,0.02,10000,21.9617
285,0.02,10500,23.1205
285,0.02,11000,24.2794
285,0.02,11500,25.4382
285,0.02,12000,26.5971
285,0.02,12500,27.7559
285,0.02,13000,28.9148
285,0.02,13500,30.0737
285,0.02,14000,31.2325
285,0.02,14500,32.3914
285,0.02,15000,33.5502
285,0.03,10000,32.9425
285,0.03,10500,34.6808
285,0.03,11000,36.4191
285,0.03,11500,38.1574
285,0.03,12000,39.8956
285,0.03,12500,41.6339
285,0.03,13000,43.3722
285,0.03,13500,45.1105
285,0.03,14000,46.8488
285,0.03,14500,48.5871
285,0.03,15000,50.3253
285,0.04,10000,43.9233
285,0.04,10500,46.2411
285,0.04,11000,48.5588
285,0.04,11500,50.8765
285,0.04,12000,53.1942
285,0.04,12500,55.5119
285,0.04,13000,57.8296
285,0.04,13500,60.1473
285,0.04,14000,62.465
285,0.04,14500,64.7827
285,0.04,15000,67.1004
285,0.05,10000,54.9042
285,0.05,10500,57.8013
285,0.05,11000,60.6985
285,0.05,11500,63.5956
285,0.05,12000,66.4927
285,0.05,12500,69.3899
285,0.05,13000,72.287
285,0.05,13500,75.1841
285,0.05,14000,78.0813
285,0.05,14500,80.9784
285,0.05,15000,83.8756
286,0.01,10000,10.243
286,0.01,10500,10.7855
286,0.01,11000,11.3281
286,0.01,11500,11.8706
286,0.01,12000,12.4132
286,0.01,12500,12.9557
286,0.01,13000,13.4982
286,0.01,13500,14.0408
286,0.01,14000,14.5833
286,0.01,14500,15.1258
286,0.01,15000,15.6684
286,0.02,10000,20.486
286,0.02,10500,21.5711
286,0.02,11000,22.6562
286,0.02,11500,23.7412
286,0.02,12000,24.8263
286,0.02,12500,25.9114
286,0.02,13000,26.9964
286,0.02,13500,28.0815
286,0.02,14000,29.1666
286,0.02,14500,30.2517
286,0.02,15000,31.3367
286,0.03,10000,30.729
286,0.03,10500,32.3566
286,0.03,11000,33.9842
286,0.03,11500,35.6118
286,0.03,12000,37.2395
286,0.03,12500,38.8671
286,0.03,13000,40.4947
286,0.03,13500,42.1223
286,0.03,14000,43.7499
286,0.03,14500,45.3775
286,0.03,15000,47.0051
286,0.04,10000,40.972
286,0.04,10500,43.1422
286,0.04,11000,45.3123
286,0.04,11500,47.4825
286,0.04,12000,49.6526
286,0.04,12500,51.8228
286,0.04,13000,53.9929
286,0.04,13500,56.163
286,0.04,14000,58.3332
286,0.04,14500,60.5033
286,0.04,15000,62.6735
286,0.05,10000,51.215
286,0.05,10500,53.9277
286,0.05,11000,56.6404
286,0.05,11500,59.3531
286,0.05,12000,62.0658
286,0.05,12500,64.7784
286,0.05,13000,67.4911
286,0.05,13500,70.2038
286,0.05,14000,72.9165
286,0.05,14500,75.6292
286,0.05,15000,78.3418
287,0.01,10000,9.55759
287,0.01,10500,10.0659
287,0.01,11000,10.5741
287,0.01,11500,11.0824
287,0.01,12000,11.5907
287,0.01,12500,12.0989
287,0.01,13000,12.6072
287,0.01,13500,13.1155
287,0.01,14000,13.6237
287,0.01,14500,14.132
287,0.01,15000,14.6402
287,0.02,10000,19.1152
287,0.02,10500,20.1317
287,0.02,11000,21.1482
287,0.02,11500,22.1648
287,0.02,12000,23.1813
287,0.02,12500,24.1978
287,0.02,13000,25.2144
287,0.02,13500,26.2309
287,0.02,14000,27.2474
287,0.02,14500,28.264
287,0.02,15000,29.2805
287,0.03,10000,28.6728
287,0.03,10500,30.1976
287,0.03,11000,31.7224
287,0.03,11500,33.2472
287,0.03,12000,34.772
287,0.03,12500,36.2968
287,0.03,13000,37.8216
287,0.03,13500,39.3464
287,0.03,14000,40.8712
287,0.03,14500,42.396
287,0.03,15000,43.9207
287,0.04,10000,38.2304
287,0.04,10500,40.2634
287,0.04,11000,42.2965
287,0.04,11500,44.3296
287,0.04,12000,46.3626
287,0.04,12500,48.3957
287,0.04,13000,50.4287
287,0.04,13500,52.4618
287,0.04,14000,54.4949
287,0.04,14500,56.5279
287,0.04,15000,58.561
287,0.05,10000,47.788
287,0.05,10500,50.3293
287,0.05,11000,52.8706
287,0.05,11500,55.4119
287,0.05,12000,57.9533
287,0.05,12500,60.4946
287,0.05,13000,63.0359
287,0.05,13500,65.5773
287,0.05,14000,68.1186
287,0.05,14500,70.6599
287,0.05,15000,73.2012
288,0.01,10000,8.92047
288,0.01,10500,9.39688
288,0.01,11000,9.87328
288,0.01,11500,10.3497
288,0.01,12000,10.8261
288,0.01,12500,11.3025
288,0.01,13000,11.7789
288,0.01,13500,12.2553
288,0.01,14000,12.7317
288,0.01,14500,13.2081
288,0.01,15000,13.6846
288,0.02,10000,17.8409
288,0.02,10500,18.7938
288,0.02,11000,19.7466
288,0.02,11500,20.6994
288,0.02,12000,21.6522
288,0.02,12500,22.605
288,0.02,13000,23.5578
288,0.02,13500,24.5107
288,0.02,14000,25.4635
288,0.02,14500,26.4163
288,0.02,15000,27.3691
288,0.03,10000,26.7614
288,0.03,10500,28.1906
288,0.03,11000,29.6199
288,0.03,11500,31.0491
288,0.03,12000,32.4783
288,0.03,12500,33.9075
288,0.03,13000,35.3368
288,0.03,13500,36.766
288,0.03,14000,38.1952
288,0.03,14500,39.6244
288,0.03,15000,41.0537
288,0.04,10000,35.6819
288,0.04,10500,37.5875
288,0.04,11000,39.4931
288,0.04,11500,41.3988
288,0.04,12000,43.3044
288,0.04,12500,45.21
288,0.04,13000,47.1157
288,0.04,13500,49.0213
288,0.04,14000,50.927
288,0.04,14500,52.8326
288,0.04,15000,54.7382
288,0.05,10000,44.6023
288,0.05,10500,46.9844
288,0.05,11000,49.3664
288,0.05,11500,51.7485
288,0.05,12000,54.1305
288,0.05,12500,56.5126
288,0.05,13000,58.8946
288,0.05,13500,61.2766
288,0.05,14000,63.6587
288,0.05,14500,66.0407
288,0.05,15000,68.4228
289,0.01,10000,8.32784
289,0.01,10500,8.77461
289,0.01,11000,9.22139
289,0.01,11500,9.66817
289,0.01,12000,10.1149
289,0.01,12500,10.5617
289,0.01,13000,11.0085
289,0.01,13500,11.4553
289,0.01,14000,11.9021
289,0.01,14500,12.3488
289,0.01,15000,12.7956
289,0.02,10000,16.6557
289,0.02,10500,17.5492
289,0.02,11000,18.4428
289,0.02,11500,19.3363
289,0.02,12000,20.2299
289,0.02,12500,21.1235
289,0.02,13000,22.017
289,0.02,13500,22.9106
289,0.02,14000,23.8041
289,0.02,14500,24.6977
289,0.02,15000,25.5912
289,0.03,10000,24.9835
289,0.03,10500,26.3238
289,0.03,11000,27.6642
289,0.03,11500,29.0045
289,0.03,12000,30.3448
289,0.03,12500,31.6852
289,0.03,13000,33.0255
289,0.03,13500,34.3658
289,0.03,14000,35.7062
289,0.03,14500,37.0465
289,0.03,15000,38.3868
289,0.04,10000,33.3113
289,0.04,10500,35.0985
289,0.04,11000,36.8856
289,0.04,11500,38.6727
289,0.04,12000,40.4598
289,0.04,12500,42.2469
289,0.04,13000,44.034
289,0.04,13500,45.8211
289,0.04,14000,47.6082
289,0.04,14500,49.3953
289,0.04,15000,51.1825
289,0.05,10000,41.6392
289,0.05,10500,43.8731
289,0.05,11000,46.107
289,0.05,11500,48.3408
289,0.05,12000,50.5747
289,0.05,12500,52.8086
289,0.05,13000,55.0425
289,0.05,13500,57.2764
289,0.05,14000,59.5103
289,0.05,14500,61.7442
289,0.05,15000,63.9781
290,0.01,10000,7.77631
290,0.01,10500,8.19551
290,0.01,11000,8.61471
290,0.01,11500,9.03391
290,0.01,12000,9.45311
290,0.01,12500,9.87231
290,0.01,13000,10.2915
290,0.01,13500,10.7107
290,0.01,14000,11.1299
290,0.01,14500,11.5491
290,0.01,15000,11.9683
290,0.02,10000,15.5526
290,0.02,10500,16.391
290,0.02,11000,17.2294
290,0.02,11500,18.0678
290,0.02,12000,18.9062
290,0.02,12500,19.7446
290,0.02,13000,20.583
290,0.02,13500,21.4214
290,0.02,14000,22.2598
290,0.02,14500,23.0982
290,0.02,15000,23.9366
290,0.03,10000,23.3289
290,0.03,10500,24.5865
290,0.03,11000,25.8441
290,0.03,11500,27.1017
290,0.03,12000,28.3593
290,0.03,12500,29.6169
290,0.03,13000,30.8745
290,0.03,13500,32.1321
290,0.03,14000,33.3897
290,0.03,14500,34.6474
290,0.03,15000,35.905
290,0.04,10000,31.1052
290,0.04,10500,32.782
290,0.04,11000,34.4588
290,0.04,11500,36.1356
290,0.04,12000,37.8124
290,0.04,12500,39.4893
290,0.04,13000,41.1661
290,0.04,13500,42.8429
290,0.04,14000,44.5197
290,0.04,14500,46.1965
290,0.04,15000,47.8733
290,0.05,10000,38.8815
290,0.05,10500,40.9775
290,0.05,11000,43.0735
290,0.05,11500,45.1695
290,0.05,12000,47.2656
290,0.05,12500,49.3616
290,0.05,13000,51.4576
290,0.05,13500,53.5536
290,0.05,14000,55.6496
290,0.05,14500,57.7456
290,0.05,15000,59.8416
