   1.0 1000.0 999.0 999.0 999.0  999.0  999.0 999.0 999.0  99.0  -78.73333  42.93333 999.0 999.0   121.0 99.0 99.0 99.0 99.0 99.0 99.0
   2.0  988.0  -2.9  -4.0  92.1    4.0   -4.0   5.7 315.0  99.0  -78.73333  42.93333 999.0 999.0   211.0 99.0 99.0 99.0 99.0 99.0 99.0
   3.0  984.0  -3.7  -5.0  90.7    6.0   -6.0   8.5 315.0  99.0  -78.73333  42.93333 999.0 999.0   247.1 99.0 99.0 99.0 99.0 99.0 99.0
   4.0  977.0  -4.2  -5.8  88.6    9.5   -9.5  13.4 315.0  99.0  -78.73333  42.93333 999.0 999.0   304.8 99.0 99.0 99.0 99.0 99.0 99.0
   5.0  952.0  -6.1  -8.8  81.2    9.2   -8.2  12.3 311.8  99.0  -78.73333  42.93333 999.0 999.0   509.1 99.0 99.0 99.0 99.0 99.0 99.0
   6.0  940.0  -6.5  -8.8  83.7    9.1   -7.6  11.8 310.0  99.0  -78.73333  42.93333 999.0 999.0   609.6 99.0 99.0 99.0 99.0 99.0 99.0
   7.0  925.0  -7.1  -8.9  87.0   10.3   -5.9  11.8 300.0  99.0  -78.73333  42.93333 999.0 999.0   736.0 99.0 99.0 99.0 99.0 99.0 99.0
   8.0  905.0  -7.9  -9.6  87.6   10.7   -5.0  11.8 295.2  99.0  -78.73333  42.93333 999.0 999.0   906.3 99.0 99.0 99.0 99.0 99.0 99.0
   9.0  904.1  -7.9  -9.6  87.7   10.7   -5.0  11.8 295.0  99.0  -78.73333  42.93333 999.0 999.0   914.4 99.0 99.0 99.0 99.0 99.0 99.0
  10.0  869.4  -7.0  -8.2  91.3   10.5    7.4  12.9 235.0  99.0  -78.73333  42.93333 999.0 999.0  1219.2 99.0 99.0 99.0 99.0 99.0 99.0
  11.0  857.0  -6.7  -7.7  92.6   11.2    6.9  13.2 238.2  99.0  -78.73333  42.93333 999.0 999.0  1331.3 99.0 99.0 99.0 99.0 99.0 99.0
  12.0  850.0  -5.7  -6.5  94.1   11.6    6.7  13.4 240.0  99.0  -78.73333  42.93333 999.0 999.0  1396.0 99.0 99.0 99.0 99.0 99.0 99.0
  13.0  840.0  -4.1  -4.6  96.3   12.2    1.5  12.3 262.9  99.0  -78.73333  42.93333 999.0 999.0  1496.1 99.0 99.0 99.0 99.0 99.0 99.0
  14.0  837.1  -4.1  -4.7  96.1   12.4    0.0  12.4 270.0  99.0  -78.73333  42.93333 999.0 999.0  1524.0 99.0 99.0 99.0 99.0 99.0 99.0
  15.0  811.0  -4.5  -5.3  94.1   13.6    0.0  13.6 270.0  99.0  -78.73333  42.93333 999.0 999.0  1773.5 99.0 99.0 99.0 99.0 99.0 99.0
  16.0  805.3  -4.0  -4.8  94.2   13.9    0.0  13.9 270.0  99.0  -78.73333  42.93333 999.0 999.0  1828.8 99.0 99.0 99.0 99.0 99.0 99.0
  17.0  802.0  -3.7  -4.5  94.2   14.0    0.3  14.0 268.8  99.0  -78.73333  42.93333 999.0 999.0  1861.2 99.0 99.0 99.0 99.0 99.0 99.0
  18.0  774.6  -4.7  -5.5  93.7   15.2    2.7  15.4 260.0  99.0  -78.73333  42.93333 999.0 999.0  2133.6 99.0 99.0 99.0 99.0 99.0 99.0
  19.0  752.0  -5.5  -6.4  93.4   17.7    0.6  17.8 267.9  99.0  -78.73333  42.93333 999.0 999.0  2364.9 99.0 99.0 99.0 99.0 99.0 99.0
  20.0  744.9  -6.0  -7.3  90.7   18.5    0.0  18.5 270.0  99.0  -78.73333  42.93333 999.0 999.0  2438.4 99.0 99.0 99.0 99.0 99.0 99.0
  21.0  725.0  -7.5  -9.8  83.6   18.1   -1.1  18.2 273.4  99.0  -78.73333  42.93333 999.0 999.0  2649.2 99.0 99.0 99.0 99.0 99.0 99.0
  22.0  716.2  -8.1 -10.2  85.4   17.9   -1.6  18.0 275.0  99.0  -78.73333  42.93333 999.0 999.0  2743.2 99.0 99.0 99.0 99.0 99.0 99.0
  23.0  700.0  -9.3 -10.8  88.8   18.5    1.6  18.5 265.0  99.0  -78.73333  42.93333 999.0 999.0  2920.0 99.0 99.0 99.0 99.0 99.0 99.0
  24.0  688.6 -10.2 -11.6  89.5   16.9    4.5  17.5 255.0  99.0  -78.73333  42.93333 999.0 999.0  3048.0 99.0 99.0 99.0 99.0 99.0 99.0
  25.0  678.0 -11.1 -12.4  90.1   18.2    6.9  19.5 249.2  99.0  -78.73333  42.93333 999.0 999.0  3169.5 99.0 99.0 99.0 99.0 99.0 99.0
  26.0  676.0 -11.5 -13.8  83.1   18.4    7.4  19.8 248.2  99.0  -78.73333  42.93333 999.0 999.0  3194.8 99.0 99.0 99.0 99.0 99.0 99.0
  27.0  670.0 -11.9 -19.9  51.4   19.1    8.7  21.0 245.5  99.0  -78.73333  42.93333 999.0 999.0  3264.8 99.0 99.0 99.0 99.0 99.0 99.0
  28.0  656.0 -12.7 -23.7  39.3   20.8   11.8  24.0 240.4  99.0  -78.73333  42.93333 999.0 999.0  3426.8 99.0 99.0 99.0 99.0 99.0 99.0
  29.0  636.3 -12.5 -25.6  32.6   23.2   16.2  28.3 235.0  99.0  -78.73333  42.93333 999.0 999.0  3657.6 99.0 99.0 99.0 99.0 99.0 99.0
  30.0  619.0 -12.3 -27.3  27.5   23.2   16.2  28.3 235.0  99.0  -78.73333  42.93333 999.0 999.0  3867.3 99.0 99.0 99.0 99.0 99.0 99.0
  31.0  587.1 -15.8 -30.4  27.3   23.2   16.2  28.3 235.0  99.0  -78.73333  42.93333 999.0 999.0  4267.2 99.0 99.0 99.0 99.0 99.0 99.0
  32.0  541.0 -20.8 -34.9  27.0   20.7   14.5  25.2 235.0  99.0  -78.73333  42.93333 999.0 999.0  4876.8 99.0 99.0 99.0 99.0 99.0 99.0
  33.0  529.0 -22.1 -36.1  26.9   21.0   15.6  26.1 233.4  99.0  -78.73333  42.93333 999.0 999.0  5041.3 99.0 99.0 99.0 99.0 99.0 99.0
  34.0  500.0 -24.3 -39.3  23.6   21.7   18.2  28.3 230.0  99.0  -78.73333  42.93333 999.0 999.0  5450.0 99.0 99.0 99.0 99.0 99.0 99.0
  35.0  485.0 -25.7 -40.7  23.2   20.1   18.9  27.6 226.8  99.0  -78.73333  42.93333 999.0 999.0  5666.4 99.0 99.0 99.0 99.0 99.0 99.0
  36.0  476.8 -26.7 -41.4  23.6   19.3   19.3  27.3 225.0  99.0  -78.73333  42.93333 999.0 999.0  5791.2 99.0 99.0 99.0 99.0 99.0 99.0
  37.0  457.1 -29.2 -43.2  24.5   19.8   13.9  24.2 235.0  99.0  -78.73333  42.93333 999.0 999.0  6096.0 99.0 99.0 99.0 99.0 99.0 99.0
  38.0  437.9 -31.7 -45.0  25.5   21.0   12.1  24.2 240.0  99.0  -78.73333  42.93333 999.0 999.0  6400.8 99.0 99.0 99.0 99.0 99.0 99.0
  39.0  428.0 -32.9 -45.9  26.1   25.1   14.5  29.0 240.0  99.0  -78.73333  42.93333 999.0 999.0  6562.2 99.0 99.0 99.0 99.0 99.0 99.0
  40.0  401.6 -32.0 -45.9  23.8   36.1   20.9  41.7 240.0  99.0  -78.73333  42.93333 999.0 999.0  7010.4 99.0 99.0 99.0 99.0 99.0 99.0
  41.0  400.0 -31.9 -45.9  23.7   35.2   20.3  40.7 240.0  99.0  -78.73333  42.93333 999.0 999.0  7040.0 99.0 99.0 99.0 99.0 99.0 99.0
  42.0  399.0 -32.1 -46.1  23.6   35.2   20.3  40.7 240.0  99.0  -78.73333  42.93333 999.0 999.0  7059.4 99.0 99.0 99.0 99.0 99.0 99.0
  43.0  368.3 -37.1 -50.1  24.5   35.7   20.6  41.2 240.0  99.0  -78.73333  42.93333 999.0 999.0  7620.0 99.0 99.0 99.0 99.0 99.0 99.0
  44.0  367.0 -37.3 -50.3  24.6   35.6   20.7  41.2 239.8  99.0  -78.73333  42.93333 999.0 999.0  7644.5 99.0 99.0 99.0 99.0 99.0 99.0
  45.0  351.0 -37.7 -50.7  24.4   35.2   22.6  41.8 237.3  99.0  -78.73333  42.93333 999.0 999.0  7952.2 99.0 99.0 99.0 99.0 99.0 99.0
  46.0  332.0 -40.7 -52.7  26.3   34.7   24.8  42.7 234.5  99.0  -78.73333  42.93333 999.0 999.0  8331.6 99.0 99.0 99.0 99.0 99.0 99.0
  47.0  300.0 -46.9 -57.9  27.3   33.9   28.5  44.3 230.0  99.0  -78.73333  42.93333 999.0 999.0  9010.0 99.0 99.0 99.0 99.0 99.0 99.0
  48.0  294.0 -48.2 -59.2  26.8   33.9   28.5  44.3 230.0  99.0  -78.73333  42.93333 999.0 999.0  9144.0 99.0 99.0 99.0 99.0 99.0 99.0
  49.0  280.6 -51.1 -62.1  25.8   34.7   29.1  45.3 230.0  99.0  -78.73333  42.93333 999.0 999.0  9448.8 99.0 99.0 99.0 99.0 99.0 99.0
  50.0  276.0 -52.1 -63.1  25.4   34.6   29.1  45.2 230.0  99.0  -78.73333  42.93333 999.0 999.0  9555.6 99.0 99.0 99.0 99.0 99.0 99.0
  51.0  267.0 -52.9 -62.9  28.7   34.5   29.0  45.1 230.0  99.0  -78.73333  42.93333 999.0 999.0  9769.5 99.0 99.0 99.0 99.0 99.0 99.0
  52.0  250.0 -56.1 -66.1  27.4   34.3   28.8  44.8 230.0  99.0  -78.73333  42.93333 999.0 999.0 10190.0 99.0 99.0 99.0 99.0 99.0 99.0
  53.0  229.0 -60.1 -70.1  25.8   37.5   24.2  44.6 237.2  99.0  -78.73333  42.93333 999.0 999.0 10740.5 99.0 99.0 99.0 99.0 99.0 99.0
  54.0  220.6 -60.7 -69.9  28.6   38.8   22.4  44.8 240.0  99.0  -78.73333  42.93333 999.0 999.0 10972.8 99.0 99.0 99.0 99.0 99.0 99.0
  55.0  218.0 -60.9 -69.9  29.5   37.9   21.9  43.7 240.0  99.0  -78.73333  42.93333 999.0 999.0 11048.3 99.0 99.0 99.0 99.0 99.0 99.0
  56.0  212.0 -60.1 -70.1  25.8   35.8   20.7  41.3 240.0  99.0  -78.73333  42.93333 999.0 999.0 11223.3 99.0 99.0 99.0 99.0 99.0 99.0
  57.0  207.0 -60.9 -69.9  29.5   34.0   19.6  39.3 240.0  99.0  -78.73333  42.93333 999.0 999.0 11373.1 99.0 99.0 99.0 99.0 99.0 99.0
  58.0  205.0 -59.7 -69.7  26.0   33.3   19.2  38.5 240.0  99.0  -78.73333  42.93333 999.0 999.0 11434.4 99.0 99.0 99.0 99.0 99.0 99.0
  59.0  201.0 -58.9 -68.9  26.3   31.9   18.4  36.9 240.0  99.0  -78.73333  42.93333 999.0 999.0 11558.2 99.0 99.0 99.0 99.0 99.0 99.0
  60.0  200.2 -58.0 -68.0  26.7   31.7   18.3  36.6 240.0  99.0  -78.73333  42.93333 999.0 999.0 11582.4 99.0 99.0 99.0 99.0 99.0 99.0
  61.0  200.0 -57.7 -67.7  26.8   32.1   18.5  37.1 240.0  99.0  -78.73333  42.93333 999.0 999.0 11590.0 99.0 99.0 99.0 99.0 99.0 99.0
  62.0  199.0 -56.1 -66.1  27.4   31.9   17.8  36.6 240.9  99.0  -78.73333  42.93333 999.0 999.0 11629.2 99.0 99.0 99.0 99.0 99.0 99.0
  63.0  194.0 -54.9 -64.9  27.9   31.2   14.1  34.2 245.7  99.0  -78.73333  42.93333 999.0 999.0 11791.1 99.0 99.0 99.0 99.0 99.0 99.0
  64.0  189.0 -56.1 -66.1  27.4   30.4   10.4  32.2 251.2  99.0  -78.73333  42.93333 999.0 999.0 11954.9 99.0 99.0 99.0 99.0 99.0 99.0
  65.0  182.1 -56.4 -66.4  27.3   29.4    5.2  29.9 260.0  99.0  -78.73333  42.93333 999.0 999.0 12192.0 99.0 99.0 99.0 99.0 99.0 99.0
  66.0  177.0 -56.7 -66.7  27.2   28.6    5.8  29.2 258.6  99.0  -78.73333  42.93333 999.0 999.0 12370.3 99.0 99.0 99.0 99.0 99.0 99.0
  67.0  171.0 -57.9 -67.9  26.7   27.6    6.4  28.3 256.9  99.0  -78.73333  42.93333 999.0 999.0 12587.8 99.0 99.0 99.0 99.0 99.0 99.0
  68.0  163.0 -58.1 -68.1  26.6   26.3    7.3  27.3 254.4  99.0  -78.73333  42.93333 999.0 999.0 12889.3 99.0 99.0 99.0 99.0 99.0 99.0
  69.0  150.0 -59.7 -69.7  26.0   24.2    8.8  25.7 250.0  99.0  -78.73333  42.93333 999.0 999.0 13410.0 99.0 99.0 99.0 99.0 99.0 99.0
  70.0  141.0 -60.7 -70.7  25.6   25.1    7.7  26.2 253.0  99.0  -78.73333  42.93333 999.0 999.0 13804.6 99.0 99.0 99.0 99.0 99.0 99.0
  71.0  138.0 -59.5 -69.5  26.1   25.4    7.3  26.4 254.0  99.0  -78.73333  42.93333 999.0 999.0 13946.7 99.0 99.0 99.0 99.0 99.0 99.0
  72.0  135.0 -56.5 -66.5  27.3   25.7    6.9  26.6 254.9  99.0  -78.73333  42.93333 999.0 999.0 14086.6 99.0 99.0 99.0 99.0 99.0 99.0
  73.0  131.0 -55.3 -65.3  27.7   26.1    6.4  26.9 256.2  99.0  -78.73333  42.93333 999.0 999.0 14272.7 99.0 99.0 99.0 99.0 99.0 99.0
  74.0  121.0 -56.7 -66.7  27.2   27.1    5.2  27.6 259.2  99.0  -78.73333  42.93333 999.0 999.0 14775.0 99.0 99.0 99.0 99.0 99.0 99.0
  75.0  119.0 -55.5 -65.5  27.6   27.3    4.9  27.8 259.8  99.0  -78.73333  42.93333 999.0 999.0 14880.9 99.0 99.0 99.0 99.0 99.0 99.0
  76.0  116.0 -56.1 -66.1  27.4   27.6    4.6  28.0 260.6  99.0  -78.73333  42.93333 999.0 999.0 15042.5 99.0 99.0 99.0 99.0 99.0 99.0
  77.0  114.0 -53.9 -63.9  28.3   27.8    4.3  28.2 261.2  99.0  -78.73333  42.93333 999.0 999.0 15153.4 99.0 99.0 99.0 99.0 99.0 99.0
  78.0  110.0 -50.9 -61.9  25.8   28.2    3.8  28.5 262.3  99.0  -78.73333  42.93333 999.0 999.0 15380.7 99.0 99.0 99.0 99.0 99.0 99.0
  79.0  106.0 -52.9 -63.9  25.1   28.6    3.3  28.8 263.4  99.0  -78.73333  42.93333 999.0 999.0 15617.9 99.0 99.0 99.0 99.0 99.0 99.0
  80.0  100.0 -54.1 -64.1  28.2   29.2    2.6  29.3 265.0  99.0  -78.73333  42.93333 999.0 999.0 15990.0 99.0 99.0 99.0 99.0 99.0 99.0
  81.0   93.0 -54.9 -64.9  27.9   26.4    2.7  26.6 264.2  99.0  -78.73333  42.93333 999.0 999.0 16451.9 99.0 99.0 99.0 99.0 99.0 99.0
  82.0   74.5 -62.1 -72.1  25.1   19.0    3.0  19.3 261.1  99.0  -78.73333  42.93333 999.0 999.0 17846.7 99.0 99.0 99.0 99.0 99.0 99.0
  83.0   70.0 -62.3 -71.3  28.9   17.2    3.0  17.5 260.0  99.0  -78.73333  42.93333 999.0 999.0 18230.0 99.0 99.0 99.0 99.0 99.0 99.0
  84.0   64.7 -62.7 -71.7  28.7   16.2    1.6  16.2 264.3  99.0  -78.73333  42.93333 999.0 999.0 18722.6 99.0 99.0 99.0 99.0 99.0 99.0
  85.0   63.4 -60.3 -70.3  25.8   15.9    1.3  15.9 265.4  99.0  -78.73333  42.93333 999.0 999.0 18852.6 99.0 99.0 99.0 99.0 99.0 99.0
  86.0   59.7 -58.5 -68.5  26.5   15.1    0.3  15.2 268.9  99.0  -78.73333  42.93333 999.0 999.0 19225.9 99.0 99.0 99.0 99.0 99.0 99.0
  87.0   50.0 -59.9 -69.9  25.9   13.2   -2.3  13.4 280.0  99.0  -78.73333  42.93333 999.0 999.0 20330.0 99.0 99.0 99.0 99.0 99.0 99.0
  88.0   47.4 -61.5 -71.5  25.3   12.7   -1.3  12.8 275.8  99.0  -78.73333  42.93333 999.0 999.0 20659.6 99.0 99.0 99.0 99.0 99.0 99.0
  89.0   38.9 -58.3 -68.3  26.6   11.3    2.1  11.5 259.4  99.0  -78.73333  42.93333 999.0 999.0 21891.0 99.0 99.0 99.0 99.0 99.0 99.0
  90.0   34.4 -60.5 -70.5  25.7   10.6    3.9  11.3 249.7  99.0  -78.73333  42.93333 999.0 999.0 22662.0 99.0 99.0 99.0 99.0 99.0 99.0
  91.0   30.0 -58.5 -68.5  26.5    9.8    5.7  11.3 240.0  99.0  -78.73333  42.93333 999.0 999.0 23520.0 99.0 99.0 99.0 99.0 99.0 99.0
  92.0   29.2 -57.7 -67.7  26.8    9.5    5.6  11.0 239.5  99.0  -78.73333  42.93333 999.0 999.0 23686.3 99.0 99.0 99.0 99.0 99.0 99.0
  93.0   21.0 -59.3 -69.3  26.2    5.9    4.7   7.6 231.5  99.0  -78.73333  42.93333 999.0 999.0 25764.7 99.0 99.0 99.0 99.0 99.0 99.0
  94.0   20.0 -56.7 -66.7  27.2    5.5    4.6   7.2 230.0  99.0  -78.73333  42.93333 999.0 999.0 26070.0 99.0 99.0 99.0 99.0 99.0 99.0
  95.0   19.2 -57.3 -67.3  26.9  999.0  999.0 999.0 999.0  99.0  -78.73333  42.93333 999.0 999.0 26328.5 99.0 99.0 99.0 99.0 99.0 99.0
  96.0   16.6 -54.5 -65.5  24.5  999.0  999.0 999.0 999.0  99.0  -78.73333  42.93333 999.0 999.0 27247.4 99.0 99.0 99.0 99.0 99.0 99.0
  97.0   14.9 -56.3 -66.3  27.3  999.0  999.0 999.0 999.0  99.0  -78.73333  42.93333 999.0 999.0 27938.5 99.0 99.0 99.0 99.0 99.0 99.0
  98.0   13.6 -52.5 -63.5  25.2  999.0  999.0 999.0 999.0  99.0  -78.73333  42.93333 999.0 999.0 28517.6 99.0 99.0 99.0 99.0 99.0 99.0
  99.0   11.8 -50.7 -61.7  25.9  999.0  999.0 999.0 999.0  99.0  -78.73333  42.93333 999.0 999.0 29434.1 99.0 99.0 99.0 99.0 99.0 99.0
 100.0   11.1 -51.9 -62.9  25.5  999.0  999.0 999.0 999.0  99.0  -78.73333  42.93333 999.0 999.0 29832.1 99.0 99.0 99.0 99.0 99.0 99.0
