   1.0 1000.0 999.0 999.0 999.0  999.0  999.0 999.0 999.0  99.0  -73.80000  42.75000 999.0 999.0    67.0 99.0 99.0 99.0 99.0 99.0 99.0
   2.0  997.0  10.0   9.1  94.1   -1.3    5.0   5.1 165.0  99.0  -73.80000  42.75000 999.0 999.0    92.0 99.0 99.0 99.0 99.0 99.0 99.0
   3.0  974.0   8.6   7.8  94.7    1.5   18.8  18.8 184.6  99.0  -73.80000  42.75000 999.0 999.0   286.5 99.0 99.0 99.0 99.0 99.0 99.0
   4.0  972.0   8.6   7.8  94.5    1.7   20.0  20.1 185.0  99.0  -73.80000  42.75000 999.0 999.0   304.8 99.0 99.0 99.0 99.0 99.0 99.0
   5.0  936.7   8.6   7.1  90.4    4.9   18.4  19.0 195.0  99.0  -73.80000  42.75000 999.0 999.0   609.6 99.0 99.0 99.0 99.0 99.0 99.0
   6.0  925.0   8.6   6.9  89.1    6.3   17.4  18.5 200.0  99.0  -73.80000  42.75000 999.0 999.0   714.0 99.0 99.0 99.0 99.0 99.0 99.0
   7.0  902.8   7.2   5.9  91.3    9.8   16.9  19.6 210.0  99.0  -73.80000  42.75000 999.0 999.0   914.4 99.0 99.0 99.0 99.0 99.0 99.0
   8.0  869.8   5.2   4.5  94.8   13.9   16.6  21.6 220.0  99.0  -73.80000  42.75000 999.0 999.0  1219.2 99.0 99.0 99.0 99.0 99.0 99.0
   9.0  866.0   5.0   4.3  95.2   14.4   16.5  21.9 221.0  99.0  -73.80000  42.75000 999.0 999.0  1255.7 99.0 99.0 99.0 99.0 99.0 99.0
  10.0  850.0   4.2   3.6  95.9   16.4   16.4  23.2 225.0  99.0  -73.80000  42.75000 999.0 999.0  1409.0 99.0 99.0 99.0 99.0 99.0 99.0
  11.0  807.2   1.9   1.2  95.1   22.7   13.1  26.3 240.0  99.0  -73.80000  42.75000 999.0 999.0  1828.8 99.0 99.0 99.0 99.0 99.0 99.0
  12.0  777.2   0.3  -0.4  94.6   23.3   10.9  25.7 245.0  99.0  -73.80000  42.75000 999.0 999.0  2133.6 99.0 99.0 99.0 99.0 99.0 99.0
  13.0  765.0  -0.3  -1.1  94.3   22.9   10.7  25.3 245.0  99.0  -73.80000  42.75000 999.0 999.0  2261.1 99.0 99.0 99.0 99.0 99.0 99.0
  14.0  748.3  -0.3  -1.0  94.9   22.4   10.4  24.7 245.0  99.0  -73.80000  42.75000 999.0 999.0  2438.4 99.0 99.0 99.0 99.0 99.0 99.0
  15.0  744.0  -0.3  -1.0  95.0   22.3   10.4  24.6 245.0  99.0  -73.80000  42.75000 999.0 999.0  2484.9 99.0 99.0 99.0 99.0 99.0 99.0
  16.0  720.3  -1.9  -2.7  94.6   21.5   10.0  23.7 245.0  99.0  -73.80000  42.75000 999.0 999.0  2743.2 99.0 99.0 99.0 99.0 99.0 99.0
  17.0  700.0  -3.3  -4.1  94.2   21.0    9.8  23.2 245.0  99.0  -73.80000  42.75000 999.0 999.0  2970.0 99.0 99.0 99.0 99.0 99.0 99.0
  18.0  666.9  -6.0  -7.1  91.9   21.3    7.7  22.7 250.0  99.0  -73.80000  42.75000 999.0 999.0  3352.8 99.0 99.0 99.0 99.0 99.0 99.0
  19.0  641.4  -8.1  -9.4  90.2   22.4   10.4  24.7 245.0  99.0  -73.80000  42.75000 999.0 999.0  3657.6 99.0 99.0 99.0 99.0 99.0 99.0
  20.0  622.0  -9.7 -11.2  88.8   22.7   11.6  25.5 242.9  99.0  -73.80000  42.75000 999.0 999.0  3895.9 99.0 99.0 99.0 99.0 99.0 99.0
  21.0  592.6 -11.9 -13.7  86.8   23.2   13.4  26.8 240.0  99.0  -73.80000  42.75000 999.0 999.0  4267.2 99.0 99.0 99.0 99.0 99.0 99.0
  22.0  546.9 -15.4 -17.6  83.5   22.5   18.9  29.3 230.0  99.0  -73.80000  42.75000 999.0 999.0  4876.8 99.0 99.0 99.0 99.0 99.0 99.0
  23.0  507.0 -18.5 -21.0  80.7   19.7   23.0  30.3 220.6  99.0  -73.80000  42.75000 999.0 999.0  5444.6 99.0 99.0 99.0 99.0 99.0 99.0
  24.0  504.2 -19.1 -22.2  76.5   19.5   23.3  30.4 220.0  99.0  -73.80000  42.75000 999.0 999.0  5486.4 99.0 99.0 99.0 99.0 99.0 99.0
  25.0  500.0 -20.1 -24.1  70.4   19.9   23.7  30.9 220.0  99.0  -73.80000  42.75000 999.0 999.0  5550.0 99.0 99.0 99.0 99.0 99.0 99.0
  26.0  464.3 -24.7 -29.8  62.5   22.6   22.6  31.9 225.0  99.0  -73.80000  42.75000 999.0 999.0  6096.0 99.0 99.0 99.0 99.0 99.0 99.0
  27.0  436.0 -28.3 -34.3  56.4   23.1   23.1  32.7 225.0  99.0  -73.80000  42.75000 999.0 999.0  6552.2 99.0 99.0 99.0 99.0 99.0 99.0
  28.0  426.8 -28.1 -33.4  60.4   23.3   23.3  32.9 225.0  99.0  -73.80000  42.75000 999.0 999.0  6705.6 99.0 99.0 99.0 99.0 99.0 99.0
  29.0  419.0 -27.9 -32.6  64.1   22.5   25.1  33.7 221.9  99.0  -73.80000  42.75000 999.0 999.0  6838.1 99.0 99.0 99.0 99.0 99.0 99.0
  30.0  400.0 -30.5 -35.5  61.5   20.7   29.5  36.0 215.0  99.0  -73.80000  42.75000 999.0 999.0  7170.0 99.0 99.0 99.0 99.0 99.0 99.0
  31.0  375.2 -34.6 -39.6  60.3   21.6   30.8  37.6 215.0  99.0  -73.80000  42.75000 999.0 999.0  7620.0 99.0 99.0 99.0 99.0 99.0 99.0
  32.0  359.1 -37.3 -42.3  59.5   22.4   32.0  39.1 215.0  99.0  -73.80000  42.75000 999.0 999.0  7924.8 99.0 99.0 99.0 99.0 99.0 99.0
  33.0  300.0 -47.1 -52.1  56.4   29.8   29.9  42.2 225.0  99.0  -73.80000  42.75000 999.0 999.0  9140.0 99.0 99.0 99.0 99.0 99.0 99.0
  34.0  299.8 -47.1 -52.1  56.4   29.8   29.9  42.2 225.0  99.0  -73.80000  42.75000 999.0 999.0  9144.0 99.0 99.0 99.0 99.0 99.0 99.0
  35.0  272.0 -52.3 -57.3  54.6   36.3   29.3  46.6 231.0  99.0  -73.80000  42.75000 999.0 999.0  9781.0 99.0 99.0 99.0 99.0 99.0 99.0
  36.0  250.0 -57.5 -62.5  52.8   41.3   28.9  50.5 235.0  99.0  -73.80000  42.75000 999.0 999.0 10320.0 99.0 99.0 99.0 99.0 99.0 99.0
  37.0  236.5 -60.6 -65.4  52.7   45.5   26.3  52.5 240.0  99.0  -73.80000  42.75000 999.0 999.0 10668.0 99.0 99.0 99.0 99.0 99.0 99.0
  38.0  214.2 -65.6 -70.2  52.6   52.2   19.0  55.6 250.0  99.0  -73.80000  42.75000 999.0 999.0 11277.6 99.0 99.0 99.0 99.0 99.0 99.0
  39.0  205.0 -67.7 -72.2  52.6   48.0   17.5  51.1 250.0  99.0  -73.80000  42.75000 999.0 999.0 11543.1 99.0 99.0 99.0 99.0 99.0 99.0
  40.0  203.6 -67.8 -72.3  52.6   47.4   17.3  50.5 250.0  99.0  -73.80000  42.75000 999.0 999.0 11582.4 99.0 99.0 99.0 99.0 99.0 99.0
  41.0  200.0 -67.9 -72.4  52.5   45.5   16.6  48.4 250.0  99.0  -73.80000  42.75000 999.0 999.0 11690.0 99.0 99.0 99.0 99.0 99.0 99.0
  42.0  193.7 -66.6 -71.2  51.6   34.3   12.5  36.6 250.0  99.0  -73.80000  42.75000 999.0 999.0 11887.2 99.0 99.0 99.0 99.0 99.0 99.0
  43.0  187.0 -65.1 -70.0  50.6   31.3   13.3  34.0 247.0  99.0  -73.80000  42.75000 999.0 999.0 12107.2 99.0 99.0 99.0 99.0 99.0 99.0
  44.0  172.0 -58.7 -67.7  30.4   24.5   15.1  28.8 238.4  99.0  -73.80000  42.75000 999.0 999.0 12623.9 99.0 99.0 99.0 99.0 99.0 99.0
  45.0  167.2 -59.4 -77.5   7.9   22.3   15.7  27.3 235.0  99.0  -73.80000  42.75000 999.0 999.0 12801.6 99.0 99.0 99.0 99.0 99.0 99.0
  46.0  164.0 -59.9 -83.9   2.9   23.3   14.6  27.5 237.9  99.0  -73.80000  42.75000 999.0 999.0 12921.3 99.0 99.0 99.0 99.0 99.0 99.0
  47.0  152.0 -59.5 999.0 999.0   27.0   10.7  29.0 248.4  99.0  -73.80000  42.75000 999.0 999.0 13396.8 99.0 99.0 99.0 99.0 99.0 99.0
  48.0  150.0 -58.5 999.0 999.0   27.6   10.0  29.3 250.0  99.0  -73.80000  42.75000 999.0 999.0 13480.0 99.0 99.0 99.0 99.0 99.0 99.0
  49.0  144.5 -57.9 999.0 999.0   29.3    7.9  30.4 255.0  99.0  -73.80000  42.75000 999.0 999.0 13716.0 99.0 99.0 99.0 99.0 99.0 99.0
  50.0  138.0 -57.1 999.0 999.0   28.7    7.1  29.6 256.2  99.0  -73.80000  42.75000 999.0 999.0 14003.8 99.0 99.0 99.0 99.0 99.0 99.0
  51.0  122.0 -61.5 999.0 999.0   27.2    5.1  27.6 259.3  99.0  -73.80000  42.75000 999.0 999.0 14777.2 99.0 99.0 99.0 99.0 99.0 99.0
  52.0  119.0 -61.3 999.0 999.0   26.9    4.7  27.3 260.0  99.0  -73.80000  42.75000 999.0 999.0 14935.2 99.0 99.0 99.0 99.0 99.0 99.0
  53.0  113.3 -60.8 999.0 999.0   21.9    5.9  22.7 255.0  99.0  -73.80000  42.75000 999.0 999.0 15240.0 99.0 99.0 99.0 99.0 99.0 99.0
  54.0  107.9 -60.3 999.0 999.0   18.7   10.8  21.6 240.0  99.0  -73.80000  42.75000 999.0 999.0 15544.8 99.0 99.0 99.0 99.0 99.0 99.0
  55.0  100.0 -59.7 999.0 999.0   21.3    7.7  22.7 250.0  99.0  -73.80000  42.75000 999.0 999.0 16020.0 99.0 99.0 99.0 99.0 99.0 99.0
  56.0   89.5 -61.9 999.0 999.0   24.5    0.5  24.5 268.8  99.0  -73.80000  42.75000 999.0 999.0 16712.1 99.0 99.0 99.0 99.0 99.0 99.0
  57.0   88.7 -61.6 999.0 999.0   24.7    0.0  24.7 270.0  99.0  -73.80000  42.75000 999.0 999.0 16764.0 99.0 99.0 99.0 99.0 99.0 99.0
  58.0   84.5 -59.8 999.0 999.0   18.5   -1.6  18.5 275.0  99.0  -73.80000  42.75000 999.0 999.0 17068.8 99.0 99.0 99.0 99.0 99.0 99.0
  59.0   82.9 -59.1 999.0 999.0   17.0   -2.0  17.1 276.7  99.0  -73.80000  42.75000 999.0 999.0 17187.4 99.0 99.0 99.0 99.0 99.0 99.0
  60.0   80.5 -60.6 999.0 999.0   14.7   -2.6  14.9 280.0  99.0  -73.80000  42.75000 999.0 999.0 17373.6 99.0 99.0 99.0 99.0 99.0 99.0
  61.0   75.2 -63.7 999.0 999.0   14.9    1.5  14.9 264.4  99.0  -73.80000  42.75000 999.0 999.0 17791.4 99.0 99.0 99.0 99.0 99.0 99.0
  62.0   70.0 -63.5 999.0 999.0   15.0    5.5  16.0 250.0  99.0  -73.80000  42.75000 999.0 999.0 18230.0 99.0 99.0 99.0 99.0 99.0 99.0
  63.0   69.3 -63.2 999.0 999.0   14.9    7.0  16.5 245.0  99.0  -73.80000  42.75000 999.0 999.0 18288.0 99.0 99.0 99.0 99.0 99.0 99.0
  64.0   66.0 -61.5 999.0 999.0   16.0    5.8  17.0 250.0  99.0  -73.80000  42.75000 999.0 999.0 18592.8 99.0 99.0 99.0 99.0 99.0 99.0
  65.0   62.8 -60.0 999.0 999.0   14.2    2.5  14.4 260.0  99.0  -73.80000  42.75000 999.0 999.0 18897.6 99.0 99.0 99.0 99.0 99.0 99.0
  66.0   59.5 -58.3 999.0 999.0   10.8    2.0  11.0 259.6  99.0  -73.80000  42.75000 999.0 999.0 19239.7 99.0 99.0 99.0 99.0 99.0 99.0
  67.0   53.1 -63.1 999.0 999.0    4.4    1.0   4.5 257.0  99.0  -73.80000  42.75000 999.0 999.0 19949.4 99.0 99.0 99.0 99.0 99.0 99.0
  68.0   51.7 -63.2 999.0 999.0    3.0    0.8   3.1 255.0  99.0  -73.80000  42.75000 999.0 999.0 20116.8 99.0 99.0 99.0 99.0 99.0 99.0
  69.0   50.0 -63.3 999.0 999.0    4.7    2.2   5.1 245.0  99.0  -73.80000  42.75000 999.0 999.0 20320.0 99.0 99.0 99.0 99.0 99.0 99.0
  70.0   49.3 -63.7 999.0 999.0    5.3    2.6   5.9 243.8  99.0  -73.80000  42.75000 999.0 999.0 20406.6 99.0 99.0 99.0 99.0 99.0 99.0
  71.0   44.5 -61.4 999.0 999.0    9.8    5.7  11.3 240.0  99.0  -73.80000  42.75000 999.0 999.0 21031.2 99.0 99.0 99.0 99.0 99.0 99.0
  72.0   42.4 -60.3 999.0 999.0   13.9    3.7  14.4 255.0  99.0  -73.80000  42.75000 999.0 999.0 21336.0 99.0 99.0 99.0 99.0 99.0 99.0
  73.0   41.1 -59.7 999.0 999.0   11.9    2.8  12.3 257.0  99.0  -73.80000  42.75000 999.0 999.0 21521.3 99.0 99.0 99.0 99.0 99.0 99.0
  74.0   38.4 -59.3 999.0 999.0    7.7    0.7   7.7 265.0  99.0  -73.80000  42.75000 999.0 999.0 21945.6 99.0 99.0 99.0 99.0 99.0 99.0
  75.0   37.4 -59.1 999.0 999.0    6.5    2.8   7.1 246.4  99.0  -73.80000  42.75000 999.0 999.0 22110.4 99.0 99.0 99.0 99.0 99.0 99.0
  76.0   36.6 -59.8 999.0 999.0    5.5    4.6   7.2 230.0  99.0  -73.80000  42.75000 999.0 999.0 22250.4 99.0 99.0 99.0 99.0 99.0 99.0
  77.0   35.2 -61.1 999.0 999.0  999.0  999.0 999.0 999.0  99.0  -73.80000  42.75000 999.0 999.0 22490.0 99.0 99.0 99.0 99.0 99.0 99.0
  78.0   34.1 -59.9 999.0 999.0  999.0  999.0 999.0 999.0  99.0  -73.80000  42.75000 999.0 999.0 22687.0 99.0 99.0 99.0 99.0 99.0 99.0
