   1.0 1000.0 999.0 999.0 999.0  999.0  999.0 999.0 999.0  99.0  -93.38333  37.23333 999.0 999.0   146.0 99.0 99.0 99.0 99.0 99.0 99.0
   2.0  970.0   2.2  -2.1  73.2   -3.1   -5.3   6.2  30.0  99.0  -93.38333  37.23333 999.0 999.0   390.0 99.0 99.0 99.0 99.0 99.0 99.0
   3.0  965.0   1.4  -3.1  72.0   -3.2   -5.1   6.0  32.5  99.0  -93.38333  37.23333 999.0 999.0   433.1 99.0 99.0 99.0 99.0 99.0 99.0
   4.0  930.0  -1.5  -4.9  77.6   -4.3   -3.2   5.3  53.2  99.0  -93.38333  37.23333 999.0 999.0   729.3 99.0 99.0 99.0 99.0 99.0 99.0
   5.0  925.0  -1.7  -4.8  79.4   -4.4   -2.9   5.3  56.6  99.0  -93.38333  37.23333 999.0 999.0   773.0 99.0 99.0 99.0 99.0 99.0 99.0
   6.0  898.0  -3.5  -5.1  88.7   -5.2   -1.4   5.4  74.5  99.0  -93.38333  37.23333 999.0 999.0  1008.9 99.0 99.0 99.0 99.0 99.0 99.0
   7.0  888.0  -2.1  -3.7  88.8   -5.5   -0.9   5.6  80.7  99.0  -93.38333  37.23333 999.0 999.0  1099.1 99.0 99.0 99.0 99.0 99.0 99.0
   8.0  885.0   0.4  -1.7  85.8   -5.6   -0.7   5.6  82.5  99.0  -93.38333  37.23333 999.0 999.0  1126.9 99.0 99.0 99.0 99.0 99.0 99.0
   9.0  881.0   3.2  -1.3  72.3   -5.7   -0.5   5.7  84.8  99.0  -93.38333  37.23333 999.0 999.0  1163.1 99.0 99.0 99.0 99.0 99.0 99.0
  10.0  876.0   4.4  -4.6  52.0   -5.8   -0.2   5.8  87.6  99.0  -93.38333  37.23333 999.0 999.0  1208.6 99.0 99.0 99.0 99.0 99.0 99.0
  11.0  872.0   5.2  -6.8  41.6   -5.9    0.0   5.9  89.7  99.0  -93.38333  37.23333 999.0 999.0  1245.3 99.0 99.0 99.0 99.0 99.0 99.0
  12.0  850.0   6.0 -11.0  28.3   -6.6    1.2   6.7 100.0  99.0  -93.38333  37.23333 999.0 999.0  1453.0 99.0 99.0 99.0 99.0 99.0 99.0
  13.0  847.0   6.2 -11.8  26.2   -6.3    1.2   6.5 100.8  99.0  -93.38333  37.23333 999.0 999.0  1489.4 99.0 99.0 99.0 99.0 99.0 99.0
  14.0  830.0   7.8 -16.2  16.4   -5.0    1.5   5.2 107.0  99.0  -93.38333  37.23333 999.0 999.0  1658.0 99.0 99.0 99.0 99.0 99.0 99.0
  15.0  810.0   7.0  -8.0  33.5   -3.4    1.9   3.9 119.1  99.0  -93.38333  37.23333 999.0 999.0  1856.2 99.0 99.0 99.0 99.0 99.0 99.0
  16.0  755.0   2.6 -11.4  34.8    1.1    2.9   3.0 200.3  99.0  -93.38333  37.23333 999.0 999.0  2426.0 99.0 99.0 99.0 99.0 99.0 99.0
  17.0  716.0  -1.3 -13.3  39.6    4.2    3.6   5.5 229.7  99.0  -93.38333  37.23333 999.0 999.0  2849.8 99.0 99.0 99.0 99.0 99.0 99.0
  18.0  700.0  -2.9 -11.9  49.9    5.5    3.8   6.7 235.0  99.0  -93.38333  37.23333 999.0 999.0  3028.0 99.0 99.0 99.0 99.0 99.0 99.0
  19.0  695.0  -3.3 -12.3  49.8    5.9    3.9   7.0 236.1  99.0  -93.38333  37.23333 999.0 999.0  3081.2 99.0 99.0 99.0 99.0 99.0 99.0
  20.0  681.0  -4.9  -7.9  79.5    6.9    4.2   8.1 238.8  99.0  -93.38333  37.23333 999.0 999.0  3239.8 99.0 99.0 99.0 99.0 99.0 99.0
  21.0  677.0  -5.3  -7.3  85.8    7.2    4.2   8.3 239.4  99.0  -93.38333  37.23333 999.0 999.0  3286.3 99.0 99.0 99.0 99.0 99.0 99.0
  22.0  667.0  -6.1  -9.2  78.7    7.9    4.4   9.1 240.8  99.0  -93.38333  37.23333 999.0 999.0  3403.0 99.0 99.0 99.0 99.0 99.0 99.0
  23.0  644.0  -8.1  -8.8  94.7    9.6    4.8  10.8 243.4  99.0  -93.38333  37.23333 999.0 999.0  3676.3 99.0 99.0 99.0 99.0 99.0 99.0
  24.0  623.0 -10.3 -11.6  90.2   11.2    5.2  12.3 245.0  99.0  -93.38333  37.23333 999.0 999.0  3932.7 99.0 99.0 99.0 99.0 99.0 99.0
  25.0  589.0 -12.9 -14.2  90.0   13.7    5.8  14.9 247.0  99.0  -93.38333  37.23333 999.0 999.0  4362.8 99.0 99.0 99.0 99.0 99.0 99.0
  26.0  568.0 -15.3 -19.1  72.7   15.3    6.2  16.5 247.9  99.0  -93.38333  37.23333 999.0 999.0  4638.3 99.0 99.0 99.0 99.0 99.0 99.0
  27.0  555.0 -16.7 -19.9  76.2   16.2    6.4  17.5 248.4  99.0  -93.38333  37.23333 999.0 999.0  4813.1 99.0 99.0 99.0 99.0 99.0 99.0
  28.0  553.0 -17.1 -21.7  67.4   16.4    6.5  17.6 248.5  99.0  -93.38333  37.23333 999.0 999.0  4840.7 99.0 99.0 99.0 99.0 99.0 99.0
  29.0  545.0 -17.9 -21.3  74.7   17.0    6.6  18.2 248.8  99.0  -93.38333  37.23333 999.0 999.0  4950.1 99.0 99.0 99.0 99.0 99.0 99.0
  30.0  539.0 -18.9 -24.9  59.1   17.4    6.7  18.7 249.0  99.0  -93.38333  37.23333 999.0 999.0  5033.0 99.0 99.0 99.0 99.0 99.0 99.0
  31.0  526.0 -20.5 -25.4  64.8   18.4    6.9  19.7 249.3  99.0  -93.38333  37.23333 999.0 999.0  5214.8 99.0 99.0 99.0 99.0 99.0 99.0
  32.0  525.0 -20.7 -27.7  53.5   18.5    7.0  19.7 249.4  99.0  -93.38333  37.23333 999.0 999.0  5229.4 99.0 99.0 99.0 99.0 99.0 99.0
  33.0  522.0 -21.1 -28.1  53.3   18.7    7.0  20.0 249.4  99.0  -93.38333  37.23333 999.0 999.0  5272.1 99.0 99.0 99.0 99.0 99.0 99.0
  34.0  520.0 -21.1 -35.1  27.3   18.8    7.0  20.1 249.5  99.0  -93.38333  37.23333 999.0 999.0  5300.6 99.0 99.0 99.0 99.0 99.0 99.0
  35.0  516.0 -20.9 -38.9  18.3   19.1    7.1  20.4 249.6  99.0  -93.38333  37.23333 999.0 999.0  5357.7 99.0 99.0 99.0 99.0 99.0 99.0
  36.0  500.0 -21.3 -43.3  11.9   20.3    7.4  21.6 250.0  99.0  -93.38333  37.23333 999.0 999.0  5590.0 99.0 99.0 99.0 99.0 99.0 99.0
  37.0  491.0 -21.7 -43.7  11.8   21.1    7.2  22.3 251.2  99.0  -93.38333  37.23333 999.0 999.0  5728.0 99.0 99.0 99.0 99.0 99.0 99.0
  38.0  400.0 -34.3 -47.3  25.6   29.4    5.2  29.9 260.0  99.0  -93.38333  37.23333 999.0 999.0  7200.0 99.0 99.0 99.0 99.0 99.0 99.0
  39.0  399.0 -34.5 -48.5  22.8   29.6    5.1  30.0 260.2  99.0  -93.38333  37.23333 999.0 999.0  7216.1 99.0 99.0 99.0 99.0 99.0 99.0
  40.0  370.0 -37.9 -55.9  13.4   35.7    2.3  35.7 266.3  99.0  -93.38333  37.23333 999.0 999.0  7739.2 99.0 99.0 99.0 99.0 99.0 99.0
  41.0  318.0 -42.7 -60.7  12.1   46.5   -2.7  46.6 273.3  99.0  -93.38333  37.23333 999.0 999.0  8769.7 99.0 99.0 99.0 99.0 99.0 99.0
  42.0  300.0 -45.5 -62.5  13.0   50.3   -4.4  50.5 275.0  99.0  -93.38333  37.23333 999.0 999.0  9160.0 99.0 99.0 99.0 99.0 99.0 99.0
  43.0  264.0 -50.7 -65.7  15.2   54.6   -8.4  55.2 278.7  99.0  -93.38333  37.23333 999.0 999.0 10004.4 99.0 99.0 99.0 99.0 99.0 99.0
  44.0  256.0 -50.7 -65.7  15.2   55.6   -9.3  56.3 279.5  99.0  -93.38333  37.23333 999.0 999.0 10205.3 99.0 99.0 99.0 99.0 99.0 99.0
  45.0  250.0 -51.9 -66.9  14.8   56.3   -9.9  57.1 280.0  99.0  -93.38333  37.23333 999.0 999.0 10360.0 99.0 99.0 99.0 99.0 99.0 99.0
  46.0  238.0 -54.7 -68.7  16.1   55.1  -10.8  56.1 281.1  99.0  -93.38333  37.23333 999.0 999.0 10673.6 99.0 99.0 99.0 99.0 99.0 99.0
  47.0  212.0 -59.1 -72.1  17.0   52.4  -12.8  54.0 283.7  99.0  -93.38333  37.23333 999.0 999.0 11406.1 99.0 99.0 99.0 99.0 99.0 99.0
  48.0  200.0 -60.3 -73.3  16.6   51.2  -13.7  53.0 285.0  99.0  -93.38333  37.23333 999.0 999.0 11770.0 99.0 99.0 99.0 99.0 99.0 99.0
  49.0  196.0 -60.5 -73.5  16.6   50.0  -12.9  51.7 284.4  99.0  -93.38333  37.23333 999.0 999.0 11901.3 99.0 99.0 99.0 99.0 99.0 99.0
  50.0  186.0 -58.9 -71.9  17.1   47.1  -10.8  48.3 282.9  99.0  -93.38333  37.23333 999.0 999.0 12230.1 99.0 99.0 99.0 99.0 99.0 99.0
  51.0  170.0 -60.7 -73.7  16.5   42.3   -7.4  43.0 279.9  99.0  -93.38333  37.23333 999.0 999.0 12791.7 99.0 99.0 99.0 99.0 99.0 99.0
  52.0  164.0 -59.9 -72.9  16.8   40.6   -6.1  41.0 278.6  99.0  -93.38333  37.23333 999.0 999.0 13015.4 99.0 99.0 99.0 99.0 99.0 99.0
  53.0  159.0 -61.1 -74.1  16.4   39.1   -5.1  39.4 277.4  99.0  -93.38333  37.23333 999.0 999.0 13208.0 99.0 99.0 99.0 99.0 99.0 99.0
  54.0  157.0 -60.5 -73.5  16.6   38.5   -4.7  38.8 276.9  99.0  -93.38333  37.23333 999.0 999.0 13286.7 99.0 99.0 99.0 99.0 99.0 99.0
  55.0  151.0 -61.1 -74.1  16.4   36.7   -3.4  36.9 275.3  99.0  -93.38333  37.23333 999.0 999.0 13528.8 99.0 99.0 99.0 99.0 99.0 99.0
  56.0  150.0 -60.9 -73.9  16.4   36.4   -3.2  36.6 275.0  99.0  -93.38333  37.23333 999.0 999.0 13570.0 99.0 99.0 99.0 99.0 99.0 99.0
  57.0  148.0 -59.7 -72.7  16.8   35.7   -3.1  35.8 274.9  99.0  -93.38333  37.23333 999.0 999.0 13662.7 99.0 99.0 99.0 99.0 99.0 99.0
  58.0  138.0 -60.1 -73.1  16.7   31.9   -2.4  32.0 274.3  99.0  -93.38333  37.23333 999.0 999.0 14100.7 99.0 99.0 99.0 99.0 99.0 99.0
  59.0  136.0 -58.9 -71.9  17.1   31.1   -2.3  31.2 274.2  99.0  -93.38333  37.23333 999.0 999.0 14193.0 99.0 99.0 99.0 99.0 99.0 99.0
  60.0  132.0 -58.7 -71.7  17.2   29.6   -2.0  29.7 273.9  99.0  -93.38333  37.23333 999.0 999.0 14378.1 99.0 99.0 99.0 99.0 99.0 99.0
  61.0  126.0 -59.9 -72.9  16.8   27.3   -1.7  27.4 273.5  99.0  -93.38333  37.23333 999.0 999.0 14668.0 99.0 99.0 99.0 99.0 99.0 99.0
  62.0  125.0 -59.1 -72.1  17.0   27.0   -1.6  27.0 273.4  99.0  -93.38333  37.23333 999.0 999.0 14718.5 99.0 99.0 99.0 99.0 99.0 99.0
  63.0  116.0 -57.9 -71.9  15.1   23.6   -1.0  23.6 272.5  99.0  -93.38333  37.23333 999.0 999.0 15185.0 99.0 99.0 99.0 99.0 99.0 99.0
  64.0  104.0 -60.5 -73.5  16.6   19.0   -0.3  19.0 270.8  99.0  -93.38333  37.23333 999.0 999.0 15867.6 99.0 99.0 99.0 99.0 99.0 99.0
  65.0  100.0 -60.3 -73.3  16.6   17.5    0.0  17.5 270.0  99.0  -93.38333  37.23333 999.0 999.0 16110.0 99.0 99.0 99.0 99.0 99.0 99.0
  66.0   89.9 -64.7 -76.7  17.7   16.0   -1.6  16.1 275.7  99.0  -93.38333  37.23333 999.0 999.0 16759.0 99.0 99.0 99.0 99.0 99.0 99.0
  67.0   76.7 -67.5 -78.5  19.6   14.1   -3.7  14.5 284.7  99.0  -93.38333  37.23333 999.0 999.0 17725.3 99.0 99.0 99.0 99.0 99.0 99.0
  68.0   74.5 -63.5 -75.5  18.1   13.7   -4.0  14.3 286.4  99.0  -93.38333  37.23333 999.0 999.0 17901.8 99.0 99.0 99.0 99.0 99.0 99.0
  69.0   70.0 -65.7 -77.7  17.4   13.1   -4.8  13.9 290.0  99.0  -93.38333  37.23333 999.0 999.0 18280.0 99.0 99.0 99.0 99.0 99.0 99.0
  70.0   67.3 -65.7 -77.7  17.4   11.4   -4.8  12.3 292.9  99.0  -93.38333  37.23333 999.0 999.0 18533.7 99.0 99.0 99.0 99.0 99.0 99.0
  71.0   63.6 -64.3 -76.3  17.8    9.0   -4.9  10.3 298.4  99.0  -93.38333  37.23333 999.0 999.0 18884.1 99.0 99.0 99.0 99.0 99.0 99.0
  72.0   60.4 -61.1 -74.1  16.4    7.0   -4.9   8.6 305.1  99.0  -93.38333  37.23333 999.0 999.0 19200.4 99.0 99.0 99.0 99.0 99.0 99.0
  73.0   55.3 -62.5 -75.5  15.9    3.8   -5.0   6.3 323.0  99.0  -93.38333  37.23333 999.0 999.0 19740.2 99.0 99.0 99.0 99.0 99.0 99.0
  74.0   51.3 -65.9 -77.9  17.3    1.3   -5.1   5.3 346.0  99.0  -93.38333  37.23333 999.0 999.0 20197.0 99.0 99.0 99.0 99.0 99.0 99.0
  75.0   50.0 -66.1 -78.1  17.2    0.4   -5.1   5.1 355.0  99.0  -93.38333  37.23333 999.0 999.0 20350.0 99.0 99.0 99.0 99.0 99.0 99.0
  76.0   45.0 -65.5 -77.5  17.4    0.9   -5.0   5.1 350.0  99.0  -93.38333  37.23333 999.0 999.0 20994.0 99.0 99.0 99.0 99.0 99.0 99.0
  77.0   40.6 -62.3 -75.3  16.0    1.3   -4.9   5.1 345.6  99.0  -93.38333  37.23333 999.0 999.0 21624.1 99.0 99.0 99.0 99.0 99.0 99.0
  78.0   39.6 -59.5 -72.5  16.9    1.3   -4.9   5.1 344.6  99.0  -93.38333  37.23333 999.0 999.0 21775.1 99.0 99.0 99.0 99.0 99.0 99.0
  79.0   33.5 -64.3 -76.3  17.8    1.9   -4.7   5.1 338.5  99.0  -93.38333  37.23333 999.0 999.0 22811.4 99.0 99.0 99.0 99.0 99.0 99.0
  80.0   30.0 -61.1 -74.1  16.4    2.2   -4.7   5.1 335.0  99.0  -93.38333  37.23333 999.0 999.0 23490.0 99.0 99.0 99.0 99.0 99.0 99.0
  81.0   28.7 -59.1 -73.1  14.7    2.5   -4.5   5.2 331.5  99.0  -93.38333  37.23333 999.0 999.0 23775.7 99.0 99.0 99.0 99.0 99.0 99.0
  82.0   26.1 -60.1 -73.1  16.7    3.0   -4.3   5.2 324.7  99.0  -93.38333  37.23333 999.0 999.0 24371.3 99.0 99.0 99.0 99.0 99.0 99.0
  83.0   24.7 -56.5 -71.5  13.4    3.3   -4.1   5.3 321.1  99.0  -93.38333  37.23333 999.0 999.0 24717.6 99.0 99.0 99.0 99.0 99.0 99.0
  84.0   20.2 -59.1 -73.1  14.7    4.3   -3.7   5.6 310.4  99.0  -93.38333  37.23333 999.0 999.0 25981.6 99.0 99.0 99.0 99.0 99.0 99.0
  85.0   20.0 -58.9 -72.9  14.8    4.3   -3.6   5.7 310.0  99.0  -93.38333  37.23333 999.0 999.0 26040.0 99.0 99.0 99.0 99.0 99.0 99.0
  86.0   19.6 -58.7 -72.7  14.8    4.9   -3.7   6.2 306.9  99.0  -93.38333  37.23333 999.0 999.0 26175.9 99.0 99.0 99.0 99.0 99.0 99.0
  87.0   18.5 -54.7 -70.7  12.1    6.5   -3.9   7.6 300.6  99.0  -93.38333  37.23333 999.0 999.0 26544.6 99.0 99.0 99.0 99.0 99.0 99.0
  88.0   17.7 -55.5 -71.5  11.9    7.7   -4.0   8.6 297.3  99.0  -93.38333  37.23333 999.0 999.0 26817.0 99.0 99.0 99.0 99.0 99.0 99.0
  89.0   15.8 -53.3 -69.3  12.5   10.5   -4.2  11.3 292.1  99.0  -93.38333  37.23333 999.0 999.0 27543.5 99.0 99.0 99.0 99.0 99.0 99.0
  90.0   14.9 -55.1 -71.1  12.0   11.8   -4.4  12.5 290.4  99.0  -93.38333  37.23333 999.0 999.0 27920.4 99.0 99.0 99.0 99.0 99.0 99.0
  91.0   13.6 -54.1 -71.1  10.6   13.7   -4.5  14.4 288.4  99.0  -93.38333  37.23333 999.0 999.0 28512.7 99.0 99.0 99.0 99.0 99.0 99.0
  92.0   13.2 -50.9 -68.9  10.0   14.2   -4.6  15.0 287.9  99.0  -93.38333  37.23333 999.0 999.0 28710.2 99.0 99.0 99.0 99.0 99.0 99.0
  93.0   12.1 -49.5 -67.5  10.3   15.8   -4.8  16.5 286.7  99.0  -93.38333  37.23333 999.0 999.0 29275.8 99.0 99.0 99.0 99.0 99.0 99.0
  94.0   11.5 -45.9 -64.9   9.9   16.7   -4.8  17.4 286.2  99.0  -93.38333  37.23333 999.0 999.0 29608.2 99.0 99.0 99.0 99.0 99.0 99.0
  95.0   10.2 -46.7 -65.7   9.7   18.6   -5.0  19.3 285.1  99.0  -93.38333  37.23333 999.0 999.0 30401.9 99.0 99.0 99.0 99.0 99.0 99.0
  96.0   10.0 -46.3 -65.3   9.8   18.9   -5.1  19.6 285.0  99.0  -93.38333  37.23333 999.0 999.0 30530.0 99.0 99.0 99.0 99.0 99.0 99.0
  97.0    8.9 -42.1 -61.1  10.8   23.5   -5.2  24.1 282.6  99.0  -93.38333  37.23333 999.0 999.0 31312.0 99.0 99.0 99.0 99.0 99.0 99.0
  98.0    8.1 -41.9 -60.9  10.9   26.8   -5.4  27.4 281.3  99.0  -93.38333  37.23333 999.0 999.0 31946.5 99.0 99.0 99.0 99.0 99.0 99.0
  99.0    7.6 -43.9 -62.9  10.4   28.9   -5.4  29.4 280.7  99.0  -93.38333  37.23333 999.0 999.0 32376.0 99.0 99.0 99.0 99.0 99.0 99.0
 100.0    7.0 -42.5 -61.5  10.7   31.4   -5.5  31.9 280.0  99.0  -93.38333  37.23333 999.0 999.0 32930.0 99.0 99.0 99.0 99.0 99.0 99.0
