   1.0 1012.0   9.8   7.4  85.0    0.0   10.8  10.8 180.0  99.0  -72.86667  40.86666 999.0 999.0    26.0 99.0 99.0 99.0 99.0 99.0 99.0
   2.0 1000.0   9.4   7.7  89.1    2.3   12.3  12.5 190.6  99.0  -72.86667  40.86666 999.0 999.0   118.0 99.0 99.0 99.0 99.0 99.0 99.0
   3.0  982.0   8.2   7.0  92.1    5.8   14.5  15.6 201.6  99.0  -72.86667  40.86666 999.0 999.0   269.8 99.0 99.0 99.0 99.0 99.0 99.0
   4.0  969.0   8.8   7.9  94.1    8.3   16.2  18.2 207.1  99.0  -72.86667  40.86666 999.0 999.0   380.9 99.0 99.0 99.0 99.0 99.0 99.0
   5.0  964.0  10.6   8.3  85.7    9.2   16.8  19.2 208.8  99.0  -72.86667  40.86666 999.0 999.0   424.2 99.0 99.0 99.0 99.0 99.0 99.0
   6.0  925.0   9.6   4.7  71.5   16.7   21.6  27.3 217.7  99.0  -72.86667  40.86666 999.0 999.0   766.0 99.0 99.0 99.0 99.0 99.0 99.0
   7.0  916.0   9.2   3.2  66.1   18.5   22.8  29.3 219.0  99.0  -72.86667  40.86666 999.0 999.0   848.4 99.0 99.0 99.0 99.0 99.0 99.0
   8.0  908.7   8.9   3.1  66.9   19.9   23.7  30.9 220.0  99.0  -72.86667  40.86666 999.0 999.0   914.4 99.0 99.0 99.0 99.0 99.0 99.0
   9.0  875.7   7.6   2.6  70.8   19.7   19.7  27.8 225.0  99.0  -72.86667  40.86666 999.0 999.0  1219.2 99.0 99.0 99.0 99.0 99.0 99.0
  10.0  866.0   7.2   2.5  72.0   20.0   18.7  27.4 226.8  99.0  -72.86667  40.86666 999.0 999.0  1310.8 99.0 99.0 99.0 99.0 99.0 99.0
  11.0  850.0   5.8   1.7  74.9   20.5   17.2  26.8 230.0  99.0  -72.86667  40.86666 999.0 999.0  1464.0 99.0 99.0 99.0 99.0 99.0 99.0
  12.0  817.0   2.8   1.4  90.5   21.8   15.6  26.8 234.4  99.0  -72.86667  40.86666 999.0 999.0  1785.3 99.0 99.0 99.0 99.0 99.0 99.0
  13.0  812.8   2.5   1.1  90.6   21.9   15.4  26.8 235.0  99.0  -72.86667  40.86666 999.0 999.0  1828.8 99.0 99.0 99.0 99.0 99.0 99.0
  14.0  782.6   0.4  -0.9  91.3   22.3   15.7  27.3 235.0  99.0  -72.86667  40.86666 999.0 999.0  2133.6 99.0 99.0 99.0 99.0 99.0 99.0
  15.0  753.3  -1.7  -2.8  92.1   21.7   18.2  28.3 230.0  99.0  -72.86667  40.86666 999.0 999.0  2438.4 99.0 99.0 99.0 99.0 99.0 99.0
  16.0  727.0  -3.5  -4.5  92.8   21.9   15.6  26.9 234.6  99.0  -72.86667  40.86666 999.0 999.0  2720.5 99.0 99.0 99.0 99.0 99.0 99.0
  17.0  725.0  -3.5  -4.5  92.9   21.9   15.4  26.8 235.0  99.0  -72.86667  40.86666 999.0 999.0  2743.2 99.0 99.0 99.0 99.0 99.0 99.0
  18.0  700.0  -3.3  -4.0  94.9   19.4   13.6  23.7 235.0  99.0  -72.86667  40.86666 999.0 999.0  3021.0 99.0 99.0 99.0 99.0 99.0 99.0
  19.0  681.0  -2.9  -4.9  86.1   18.3   12.8  22.3 235.0  99.0  -72.86667  40.86666 999.0 999.0  3244.0 99.0 99.0 99.0 99.0 99.0 99.0
  20.0  671.8  -3.8  -5.8  86.1   17.7   12.4  21.6 235.0  99.0  -72.86667  40.86666 999.0 999.0  3352.8 99.0 99.0 99.0 99.0 99.0 99.0
  21.0  646.3  -6.3  -8.2  86.3   19.4   13.6  23.7 235.0  99.0  -72.86667  40.86666 999.0 999.0  3657.6 99.0 99.0 99.0 99.0 99.0 99.0
  22.0  597.3 -11.2 -13.0  86.7   18.9   15.9  24.7 230.0  99.0  -72.86667  40.86666 999.0 999.0  4267.2 99.0 99.0 99.0 99.0 99.0 99.0
  23.0  570.0 -13.9 -15.6  87.0   18.5   15.5  24.1 230.0  99.0  -72.86667  40.86666 999.0 999.0  4624.8 99.0 99.0 99.0 99.0 99.0 99.0
  24.0  552.0 -14.5 -22.5  50.7   18.2   15.2  23.7 230.0  99.0  -72.86667  40.86666 999.0 999.0  4868.4 99.0 99.0 99.0 99.0 99.0 99.0
  25.0  551.4 -14.5 -22.1  52.2   18.1   15.2  23.7 230.0  99.0  -72.86667  40.86666 999.0 999.0  4876.8 99.0 99.0 99.0 99.0 99.0 99.0
  26.0  546.0 -14.3 -18.9  68.1   18.3   15.4  23.9 230.0  99.0  -72.86667  40.86666 999.0 999.0  4951.0 99.0 99.0 99.0 99.0 99.0 99.0
  27.0  500.0 -19.3 -20.7  88.6   19.7   16.5  25.7 230.0  99.0  -72.86667  40.86666 999.0 999.0  5610.0 99.0 99.0 99.0 99.0 99.0 99.0
  28.0  490.0 -19.5 -21.3  85.6   20.2   17.0  26.4 230.0  99.0  -72.86667  40.86666 999.0 999.0  5764.0 99.0 99.0 99.0 99.0 99.0 99.0
  29.0  468.5 -22.0 -24.0  83.8   21.3   17.9  27.8 230.0  99.0  -72.86667  40.86666 999.0 999.0  6096.0 99.0 99.0 99.0 99.0 99.0 99.0
  30.0  400.0 -30.1 -32.7  78.0   23.6   13.6  27.3 240.0  99.0  -72.86667  40.86666 999.0 999.0  7240.0 99.0 99.0 99.0 99.0 99.0 99.0
  31.0  379.1 -32.9 -36.3  71.6   21.0   12.1  24.2 240.0  99.0  -72.86667  40.86666 999.0 999.0  7620.0 99.0 99.0 99.0 99.0 99.0 99.0
  32.0  376.0 -33.3 -36.8  70.7   21.3   12.3  24.6 240.0  99.0  -72.86667  40.86666 999.0 999.0  7677.6 99.0 99.0 99.0 99.0 99.0 99.0
  33.0  332.2 -40.6 -44.9  62.7   26.7   15.4  30.9 240.0  99.0  -72.86667  40.86666 999.0 999.0  8534.4 99.0 99.0 99.0 99.0 99.0 99.0
  34.0  303.4 -45.3 -50.3  57.5   24.5   14.2  28.3 240.0  99.0  -72.86667  40.86666 999.0 999.0  9144.0 99.0 99.0 99.0 99.0 99.0 99.0
  35.0  300.0 -45.9 -50.9  56.8   24.5   14.2  28.3 240.0  99.0  -72.86667  40.86666 999.0 999.0  9220.0 99.0 99.0 99.0 99.0 99.0 99.0
  36.0  263.8 -53.9 -58.1  59.2   22.3    8.1  23.7 250.0  99.0  -72.86667  40.86666 999.0 999.0 10058.4 99.0 99.0 99.0 99.0 99.0 99.0
  37.0  250.0 -56.9 -60.9  60.3   31.0   11.3  32.9 250.0  99.0  -72.86667  40.86666 999.0 999.0 10400.0 99.0 99.0 99.0 99.0 99.0 99.0
  38.0  239.5 -59.4 -63.3  60.4   34.8    9.3  36.0 255.0  99.0  -72.86667  40.86666 999.0 999.0 10668.0 99.0 99.0 99.0 99.0 99.0 99.0
  39.0  222.0 -63.7 -67.4  60.5   31.4    7.8  32.4 256.0  99.0  -72.86667  40.86666 999.0 999.0 11138.1 99.0 99.0 99.0 99.0 99.0 99.0
  40.0  200.0 -67.5 -71.1  60.0   27.2    6.0  27.8 257.6  99.0  -72.86667  40.86666 999.0 999.0 11770.0 99.0 99.0 99.0 99.0 99.0 99.0
  41.0  179.0 -71.1 -74.6  59.6   23.1    4.2  23.5 259.8  99.0  -72.86667  40.86666 999.0 999.0 12441.7 99.0 99.0 99.0 99.0 99.0 99.0
  42.0  177.4 -69.5 -73.2  58.9   22.8    4.0  23.2 260.0  99.0  -72.86667  40.86666 999.0 999.0 12496.8 99.0 99.0 99.0 99.0 99.0 99.0
  43.0  170.0 -62.3 -66.6  56.1   25.0    5.5  25.6 257.5  99.0  -72.86667  40.86666 999.0 999.0 12757.0 99.0 99.0 99.0 99.0 99.0 99.0
  44.0  164.0 -60.1 -64.8  54.0   26.8    6.8  27.7 255.8  99.0  -72.86667  40.86666 999.0 999.0 12977.7 99.0 99.0 99.0 99.0 99.0 99.0
  45.0  160.6 -60.2 -65.2  51.7   27.8    7.5  28.8 255.0  99.0  -72.86667  40.86666 999.0 999.0 13106.4 99.0 99.0 99.0 99.0 99.0 99.0
  46.0  150.0 -60.5 -66.5  45.1   26.9    7.2  27.8 255.0  99.0  -72.86667  40.86666 999.0 999.0 13530.0 99.0 99.0 99.0 99.0 99.0 99.0
  47.0  133.0 -57.1 -64.1  40.6   25.0    5.4  25.6 257.9  99.0  -72.86667  40.86666 999.0 999.0 14281.6 99.0 99.0 99.0 99.0 99.0 99.0
  48.0  114.0 -62.1 -69.1  38.6   23.0    3.4  23.3 261.7  99.0  -72.86667  40.86666 999.0 999.0 15246.6 99.0 99.0 99.0 99.0 99.0 99.0
  49.0  102.0 -61.9 -68.9  38.7   21.8    2.1  21.9 264.5  99.0  -72.86667  40.86666 999.0 999.0 15936.3 99.0 99.0 99.0 99.0 99.0 99.0
  50.0  100.0 -60.3 -68.3  34.2   21.5    1.9  21.6 265.0  99.0  -72.86667  40.86666 999.0 999.0 16060.0 99.0 99.0 99.0 99.0 99.0 99.0
  51.0   98.5 -60.6 999.0 999.0   21.3    3.8  21.6 260.0  99.0  -72.86667  40.86666 999.0 999.0 16154.4 99.0 99.0 99.0 99.0 99.0 99.0
  52.0   93.8 -61.4 999.0 999.0   20.6    0.0  20.6 270.0  99.0  -72.86667  40.86666 999.0 999.0 16459.2 99.0 99.0 99.0 99.0 99.0 99.0
  53.0   92.0 -61.7 999.0 999.0   18.9   -0.2  18.9 270.7  99.0  -72.86667  40.86666 999.0 999.0 16580.2 99.0 99.0 99.0 99.0 99.0 99.0
  54.0   85.0 -62.3 999.0 999.0   12.3   -1.1  12.4 275.0  99.0  -72.86667  40.86666 999.0 999.0 17068.8 99.0 99.0 99.0 99.0 99.0 99.0
  55.0   77.0 -63.1 999.0 999.0    8.4   -5.9  10.3 305.0  99.0  -72.86667  40.86666 999.0 999.0 17678.4 99.0 99.0 99.0 99.0 99.0 99.0
  56.0   76.8 -63.1 999.0 999.0    8.5   -5.8  10.3 304.2  99.0  -72.86667  40.86666 999.0 999.0 17697.3 99.0 99.0 99.0 99.0 99.0 99.0
  57.0   70.0 -63.1 999.0 999.0   11.9   -3.2  12.4 285.0  99.0  -72.86667  40.86666 999.0 999.0 18270.0 99.0 99.0 99.0 99.0 99.0 99.0
  58.0   54.5 -62.8 999.0 999.0   11.3    1.0  11.3 265.0  99.0  -72.86667  40.86666 999.0 999.0 19812.0 99.0 99.0 99.0 99.0 99.0 99.0
  59.0   51.9 -62.7 999.0 999.0    5.7    0.0   5.7 270.0  99.0  -72.86667  40.86666 999.0 999.0 20116.8 99.0 99.0 99.0 99.0 99.0 99.0
  60.0   50.0 -62.7 999.0 999.0    8.5    2.3   8.8 255.0  99.0  -72.86667  40.86666 999.0 999.0 20350.0 99.0 99.0 99.0 99.0 99.0 99.0
  61.0   49.5 -62.2 999.0 999.0    9.7    3.5  10.3 250.0  99.0  -72.86667  40.86666 999.0 999.0 20421.6 99.0 99.0 99.0 99.0 99.0 99.0
  62.0   47.2 -60.1 999.0 999.0    8.6    3.5   9.3 247.8  99.0  -72.86667  40.86666 999.0 999.0 20714.8 99.0 99.0 99.0 99.0 99.0 99.0
  63.0   44.9 -60.5 999.0 999.0    7.5    3.5   8.2 245.0  99.0  -72.86667  40.86666 999.0 999.0 21031.2 99.0 99.0 99.0 99.0 99.0 99.0
  64.0   42.7 -60.9 999.0 999.0   14.9    7.0  16.5 245.0  99.0  -72.86667  40.86666 999.0 999.0 21336.0 99.0 99.0 99.0 99.0 99.0 99.0
  65.0   41.7 -61.1 999.0 999.0   12.2    6.1  13.7 243.4  99.0  -72.86667  40.86666 999.0 999.0 21486.0 99.0 99.0 99.0 99.0 99.0 99.0
  66.0   39.5 -57.9 999.0 999.0    6.4    4.3   7.7 236.1  99.0  -72.86667  40.86666 999.0 999.0 21825.5 99.0 99.0 99.0 99.0 99.0 99.0
  67.0   38.7 -57.9 999.0 999.0    4.3    3.6   5.7 230.0  99.0  -72.86667  40.86666 999.0 999.0 21945.6 99.0 99.0 99.0 99.0 99.0 99.0
  68.0   35.1 -57.9 999.0 999.0   11.0    7.7  13.4 235.0  99.0  -72.86667  40.86666 999.0 999.0 22555.2 99.0 99.0 99.0 99.0 99.0 99.0
  69.0   33.5 -57.9 999.0 999.0    6.7    4.7   8.2 235.0  99.0  -72.86667  40.86666 999.0 999.0 22860.0 99.0 99.0 99.0 99.0 99.0 99.0
  70.0   31.9 -57.9 999.0 999.0   15.0    5.5  16.0 250.0  99.0  -72.86667  40.86666 999.0 999.0 23164.8 99.0 99.0 99.0 99.0 99.0 99.0
  71.0   30.4 -57.9 999.0 999.0   11.3    1.0  11.3 265.0  99.0  -72.86667  40.86666 999.0 999.0 23469.6 99.0 99.0 99.0 99.0 99.0 99.0
  72.0   30.0 -57.9 999.0 999.0   10.8    0.9  10.8 265.0  99.0  -72.86667  40.86666 999.0 999.0 23550.0 99.0 99.0 99.0 99.0 99.0 99.0
  73.0   27.6 -57.9 999.0 999.0    6.1    1.1   6.2 260.0  99.0  -72.86667  40.86666 999.0 999.0 24079.2 99.0 99.0 99.0 99.0 99.0 99.0
  74.0   22.7 -57.8 999.0 999.0   14.7    2.6  14.9 260.0  99.0  -72.86667  40.86666 999.0 999.0 25298.4 99.0 99.0 99.0 99.0 99.0 99.0
  75.0   20.0 -57.7 999.0 999.0    7.0    3.3   7.7 245.0  99.0  -72.86667  40.86666 999.0 999.0 26100.0 99.0 99.0 99.0 99.0 99.0 99.0
  76.0   19.7 -58.0 999.0 999.0    6.2    3.6   7.2 240.0  99.0  -72.86667  40.86666 999.0 999.0 26212.8 99.0 99.0 99.0 99.0 99.0 99.0
  77.0   18.9 -58.7 999.0 999.0    6.1    2.7   6.7 246.1  99.0  -72.86667  40.86666 999.0 999.0 26460.1 99.0 99.0 99.0 99.0 99.0 99.0
  78.0   17.4 -56.1 999.0 999.0    5.8    0.9   5.9 261.1  99.0  -72.86667  40.86666 999.0 999.0 26988.2 99.0 99.0 99.0 99.0 99.0 99.0
  79.0   16.2 -56.7 999.0 999.0    5.6   -0.5   5.7 275.0  99.0  -72.86667  40.86666 999.0 999.0 27432.0 99.0 99.0 99.0 99.0 99.0 99.0
  80.0   15.7 -56.9 999.0 999.0    5.6    0.5   5.6 264.6  99.0  -72.86667  40.86666 999.0 999.0 27639.1 99.0 99.0 99.0 99.0 99.0 99.0
  81.0   15.5 -56.7 999.0 999.0    5.6    1.0   5.7 260.0  99.0  -72.86667  40.86666 999.0 999.0 27736.8 99.0 99.0 99.0 99.0 99.0 99.0
  82.0   13.4 -55.0 999.0 999.0    6.7    3.9   7.7 240.0  99.0  -72.86667  40.86666 999.0 999.0 28651.2 99.0 99.0 99.0 99.0 99.0 99.0
  83.0   10.1 -52.4 999.0 999.0   15.4    1.3  15.4 265.0  99.0  -72.86667  40.86666 999.0 999.0 30480.0 99.0 99.0 99.0 99.0 99.0 99.0
  84.0   10.0 -52.3 999.0 999.0   15.4    1.3  15.4 265.0  99.0  -72.86667  40.86666 999.0 999.0 30530.0 99.0 99.0 99.0 99.0 99.0 99.0
  85.0    8.7 -49.7 999.0 999.0   20.3   -3.6  20.6 280.0  99.0  -72.86667  40.86666 999.0 999.0 31394.4 99.0 99.0 99.0 99.0 99.0 99.0
  86.0    8.2 -48.5 999.0 999.0  999.0  999.0 999.0 999.0  99.0  -72.86667  40.86666 999.0 999.0 31812.2 99.0 99.0 99.0 99.0 99.0 99.0
