      4   7125   2883  99999  99999    164     24
      4   6977   3028  99999  99999    169     27
      4   6929   3083  99999  99999    171     32
      4   6893   3124  99999  99999    177     33
      4   6809   3220  99999  99999    182     36
      4   6725   3306  99999  99999    187     42
      4   6642   3413  99999  99999    188     41
      4   6561   3529  99999  99999    192     45
      4   6480   3635  99999  99999    187     44
      4   6400   3704  99999  99999    182     44
      4   6320   3816  99999  99999    192     45
      4   6242   3915  99999  99999    196     48
      4   6164   4000  99999  99999    197     44
      4   6088   4096  99999  99999    200     45
      4   6012   4178  99999  99999    195     45
      4   5936   4309  99999  99999    188     45
      4   5861   4405  99999  99999    195     45
      4   5788   4501  99999  99999    203     48
      4   5715   4567  99999  99999    206     49
      4   5642   4654  99999  99999    209     52
      4   5571   4720  99999  99999    215     49
      4   5500   4890  99999  99999    220     55
