      4   7125   2873  99999  99999    139      9
      4   6977   3038  99999  99999    179     19
      4   6929   3093  99999  99999    181     24
      4   6893   3134  99999  99999    187     26
      4   6809   3230  99999  99999    188     27
      4   6725   3326  99999  99999    187     29
      4   6642   3423  99999  99999    188     30
      4   6561   3519  99999  99999    192     33
      4   6480   3615  99999  99999    193     23
      4   6400   3711  99999  99999    194     33
      4   6320   3808  99999  99999    195     32
      4   6242   3904  99999  99999    196     34
      4   6164   4000  99999  99999    197     33
      4   6088   4096  99999  99999    200     35
      4   6012   4192  99999  99999    201     35
      4   5936   4289  99999  99999    202     35
      4   5861   4385  99999  99999    202     35
      4   5788   4481  99999  99999    203     35
      4   5715   4577  99999  99999    206     36
      4   5642   4674  99999  99999    207     40
      4   5571   4770  99999  99999    205     37
      4   5500   4866  99999  99999    207     42
      4   5800   4971  99999  99999    250     60
      
