1   GOKCEADA   1938   2004   0   40.2   25.89999999999999
2   BOZCAADA   1957   2004   3   39.82999999999999   26.07
3   CANAKKALE   1930   2004   2   40.14999999999999   26.42
4   IPSALA   1939   2004   13   40.93   26.39999999999999
5   UZUNKOPRU   1961   2004   1   41.27   26.68
6   EDIRNE   1930   2004   0   41.67   26.57
7   KIRKLARELI   1930   2004   2   41.72999999999999   27.23
8   LULEBURGAZ   1930   2004   4   41.39999999999999   27.35
9   TEKIRDAG   1931   2004   1   40.97999999999999   27.55
10   CORLU   1937   2004   0   41.17   27.8
11   BANDIRMA   1930   2004   1   40.35   27.96999999999999
12   GONEN   1949   2004   2   40.1   27.64999999999999
13   BALIKESIRBIRLESIK   1937   2004   0   39.63   27.87999999999999
14   AKHISAR   1930   2004   2   38.92   27.85
15   MANISA   1930   2004   0   38.61999999999999   27.43
16   BORNOVA   1930   2004   25   38.46999999999999   27.21999999999999
17   IZMIR   1938   2004   0   38.43   27.17
18   MENEMENZRFAK   1968   1979   2   38.57999999999999   27.07
19   DIKILI   1939   2004   1   39.07   26.87999999999999
20   BERGAMA   1930   2004   7   39.11999999999999   27.18
21   BURHANIYE   1958   2004   2   39.5   26.98
22   EDREMIT   1931   2004   3   39.6   27.02
23   AYVALIK   1953   2004   2   39.32   26.69999999999999
24   CESME   1930   2004   28   38.32   26.3
25   KUSADASI   1930   2004   5   37.86999999999999   27.25
26   SELCUK   1963   2004   1   37.95   27.37
27   DIDIM   1996   2004   0   37.47999999999999   27.27
28   BODRUM   1937   2004   0   37.04999999999999   27.43
29   MILAS   1938   2004   3   37.32   27.78
30   YATAGAN   1950   2004   5   37.35   28.12999999999999
31   MUGLA   1930   2004   4   37.21999999999999   28.37
32   MARMARIS   1950   2004   3   36.85   28.27
33   KOYCEGIZ   1953   2004   2   36.96999999999999   28.68
34   DALAMAN   1956   2004   1   36.75   28.78
35   FETHIYE   1939   2004   0   36.61999999999999   29.12
36   KAS   1965   2004   10   36.2   29.64999999999999
37   KALEDEMRE   1981   2004   4   36.25   29.94999999999999
38   FINIKE   1953   2004   2   36.29999999999999   30.14999999999999
39   KORKUTELI   1950   2004   3   36.75   30.19999999999999
40   ELMALI   1952   2004   1   36.75   29.92
41   TEFENNI   1950   2004   3   37.32   29.77
42   ACIPAYAM   1950   2004   8   37.42   29.32999999999999
43   DENIZLI   1930   2004   16   37.78   29.07999999999999
44   GUNEY   1938   2004   2   38.14999999999999   29.07
45   USAK   1930   2004   1   38.68   29.39999999999999
46   GEDIZ   1934   2004   22   39.04999999999999   29.39999999999999
47   SIMAV   1938   2004   0   39.07999999999999   28.98
48   DEMIRCIMANISA   1991   2004   1   39.04999999999999   28.64999999999999
49   DURSUNBEY   1931   2004   13   39.57999999999999   28.62999999999999
50   KELES   1963   2004   1   39.92   29.07
51   ULUDAGZIRVE   1938   2004   22   40.13   29.07999999999999
52   BURSA   1931   2004   0   40.18   29.07
53   CINARCIK   1964   2004   5   40.64999999999999   29.12
54   YALOVA   1930   2004   13   40.64999999999999   29.27
55   KARTAL   1950   2004   1   40.89999999999999   29.18
56   GOZTEPEISTANBUL   1930   2004   0   40.96999999999999   29.07999999999999
57   KANDILLI   1912   2003   1   41.04999999999999   29.05999999999999
58   KIRECBURNU   1948   2004   2   41.17   29.03999999999999
59   KUMKOY   1951   2004   1   41.25   29.03
60   BAHCEKOY   1947   2004   1   41.17   28.94
61   FLORYA   1936   2004   1   40.97999999999999   28.75
62   SILE   1939   2004   1   41.18   29.60999999999999
63   KOCAELI   1930   2004   5   40.78   29.93
64   GEYVE   1930   2004   1   40.52   30.3
65   SAKARYA   1940   2004   1   40.78   30.42
66   DUZCE   1944   2004   5   40.82999999999999   31.17
67   AKCAKOCA   1950   2004   1   41.07999999999999   31.12999999999999
68   BOLU   1930   2004   0   40.72999999999999   31.52
69   NALLIHAN   1965   2004   2   40.18   31.35
70   BEYPAZARI   1930   2004   21   40.17   31.92
71   POLATLI   1930   2004   1   39.57999999999999   32.14999999999999
72   SIVRIHISAR   1930   2004   1   39.45   31.53
73   EMIRDAG   1953   2004   1   39.02   31.14999999999999
74   BOLVADIN   1930   2004   14   38.71999999999999   31.05
75   CAY   2001   2004   2   38.57999999999999   31.03
76   YALVAC   1930   2004   26   38.29999999999999   31.18
77   AKSEHIR   1940   2004   1   38.35   31.42
78   ILGIN   1930   2004   3   38.28   31.92
79   YUNAK   1955   2004   2   38.82   31.73
80   BEYSEHIR   1931   2004   12   37.68   31.71999999999999
81   SEYDISEHIR   1940   2004   9   37.42   31.82999999999999
82   MANAVGAT   1934   2004   5   36.78   31.43
83   ALANYA   1938   2004   1   36.54999999999999   32.02499999999999
84   GAZIPASA   1950   2004   5   36.27   32.32
85   ANAMUR   1930   2004   12   36.07999999999999   32.82999999999999
86   MUT   1953   2004   12   36.64999999999999   33.43
87   SILIFKE   1930   2004   1   36.38   33.93
88   ALATAERDEMLI   1963   2004   4   36.61999999999999   34.29999999999999
89   MERSIN   1930   2004   1   36.79999999999999   34.6
90   KARAISALI   1950   2004   15   37.27   35.07
91   POZANTI   1930   1993   25   37.42   34.86999999999999
92   ULUKISLA   1930   2004   8   37.54999999999999   34.47999999999999
93   EREGLIKONYA   1942   2004   7   37.5   34.04999999999999
94   KARAPINAR   1953   2004   2   37.71999999999999   33.54999999999999
95   KARAMAN   1930   2004   2   37.18   33.21999999999999
96   CUMRA   1966   2004   1   37.57999999999999   32.78
97   KONYA   1930   2004   0   37.86999999999999   32.47999999999999
98   HADIM   1939   2004   26   36.97999999999999   32.46999999999999
99   CIHANBEYLI   1930   2004   18   38.64999999999999   32.93
100   KULU   1955   2004   1   39.1   33
101   KAMAN   1945   2004   12   39.36999999999999   33.71999999999999
102   KESKIN   1930   2004   24   39.68   33.61999999999999
103   KIRIKKALE   1953   2004   4   39.85   33.52
104   ESENBOGA   1956   2004   0   40.13   33
105   ANKARA   1930   2004   0   39.95   32.88
106   ETIMESGUTBIRLESIK   1930   2004   22   39.95   32.67
107   KIZILCAHAMAM   1930   2004   13   40.46999999999999   32.64999999999999
108   CERKES   1953   2004   2   40.82   32.89999999999999
109   KARABUK   1950   2004   23   41.2   32.63
110   BARTIN   1951   2004   2   41.63   32.32999999999999
111   AMASRA   1963   2004   2   41.75   32.38
112   ZONGULDAK   1931   2004   0   41.45   31.8
113   ILGAZ   1950   2004   7   40.92   33.63
114   CANKIRI   1930   2004   12   40.6   33.61999999999999
115   TOSYA   1930   2004   7   41.02   34.03
116   KASTAMONU   1930   2004   0   41.36999999999999   33.78
117   DEVREKANI   1953   2004   7   41.6   33.82999999999999
118   INEBOLU   1931   2004   10   41.97999999999999   33.77
119   BOZKURT   1960   2004   1   41.95   34.02
120   SINOP   1931   2004   1   42.02   35.17
121   BAFRA   1930   2004   19   41.57   35.92
122   SAMSUN   1930   2004   0   41.28   36.29999999999999
123   AMASYA   1930   2004   6   40.64999999999999   35.82999999999999
124   TURHAL   1974   2004   1   40.39999999999999   36.07999999999999
125   ZILE   1958   2004   1   40.29999999999999   35.75
126   MERZIFON   1930   2004   1   40.86999999999999   35.32999999999999
127   CORUM   1930   2004   0   40.54999999999999   34.95
128   OSMANCIK   1965   2004   6   40.96999999999999   34.79999999999999
129   YOZGAT   1930   2004   4   39.82   34.79999999999999
130   SORGUN   1984   2004   2   39.82   35.18
131   BOGAZLIYAN   1941   2004   13   39.2   35.25
132   KAYSERI   1931   2004   2   38.72999999999999   35.47999999999999
133   DEVELI   1950   2004   2   38.38   35.5
134   TOMARZA   1962   2004   2   38.45   35.79999999999999
135   PINARBASIKAYSERI   1934   2004   13   38.71999999999999   36.39999999999999
136   SARIZ   1950   2004   1   38.47999999999999   36.5
137   GOKSUN   1953   2004   2   38.02   36.5
138   AFSIN   1953   2004   2   38.25   36.92
139   ELBISTAN   1938   2004   3   38.2   37.18
140   BALABAN   1967   2004   5   38.46999999999999   37.45
141   DOGANSEHIR   1965   2004   3   38.1   37.88
142   GOLBASI   1984   2004   5   37.78   37.63
143   ADIYAMAN   1938   2004   0   37.75   38.28
144   KAHTA   1984   2004   2   37.78   38.61999999999999
145   SAMSAT   1997   2004   1   37.5   38.6
146   BOZOVAURFA   1999   2004   1   37.36999999999999   38.52
147   SANLIURFA   1930   2004   3   37.13   38.77
148   HILVAN   1965   2004   19   37.57999999999999   38.95
149   SIVEREK   1930   2004   0   37.77   39.32
150   CERMIK   1930   2004   27   38.13   39.45
151   SIVRICE   1950   2004   8   38.45   39.32
152   ELAZIG   1931   2004   1   38.67   39.22999999999999
153   HOZAT   1951   1995   2   39.11999999999999   39.21999999999999
154   CEMISGEZEK   1938   2004   1   39.07   38.92
155   AGIN   1963   2004   3   38.95   38.71999999999999
156   KEBAN   1938   2004   19   38.79999999999999   38.75
157   BASKIL   1979   2004   5   38.57   38.57
158   MALATYA   1931   2004   0   38.35   38.32
159   ARAPKIR   1954   2004   1   39.04999999999999   38.5
160   DIVRIGI   1941   2004   9   39.36999999999999   38.11999999999999
161   ZARA   1950   2004   3   39.89999999999999   37.75
162   SUSEHRI   1950   2004   6   40.17   38.1
163   SEBINKARAHISAR   1930   2004   0   40.29999999999999   38.42
164   GIRESUN   1930   2004   0   40.92   38.39999999999999
165   ORDU   1930   2004   0   40.97999999999999   37.89999999999999
166   UNYE   1954   2004   3   41.13   37.28
167   TOKAT   1930   2004   4   40.29999999999999   36.57
168   SIVAS   1930   2004   1   39.75   37.02
169   KANGAL   1946   2004   2   39.22999999999999   37.38
170   GEMEREK   1956   2004   0   39.18   36.07
171   URGUP   1950   2004   14   38.63   34.92
172   NEVSEHIR   1955   2004   1   38.57999999999999   34.67
173   NIGDE   1935   2004   0   37.96999999999999   34.68
174   AKSARAY   1930   2004   5   38.38   34.07999999999999
175   KIRSEHIR   1930   2004   0   39.14999999999999   34.17
176   CICEKDAGI   1969   2004   2   39.61999999999999   34.36999999999999
177   KOZAN   1951   2004   1   37.45   35.82
178   CEYHAN   1930   2004   3   37.03   35.82
179   YUMURTALIK   1964   2004   1   36.77   35.78
180   ISKENDERUN   1939   2004   1   36.57999999999999   36.17
181   ISKENDERUNDEMIRCELIK   1976   1978   2   36.57999999999999   36.18
182   DORTYOL   1930   2004   0   36.85   36.21999999999999
183   OSMANIYE   1986   2004   2   37.07999999999999   36.25
184   ISLAHIYE   1934   2004   2   37.03   36.63
185   KILIS   1931   2004   3   36.71999999999999   37.11999999999999
186   GAZIANTEP   1930   2004   7   37.07   37.38
187   BIRECIK   1950   2004   2   37.03   37.97999999999999
188   KAHRAMANMARAS   1930   2004   6   37.6   36.93
189   ANTAKYA   1940   2004   0   36.2   36.17
190   SAMANDAG   1945   2004   2   36.07999999999999   35.96999999999999
191   KARATAS   1958   2004   5   36.57   35.38
192   ADANA   1930   2004   1   37   35.32999999999999
193   MADENELAZIG   1952   2004   7   38.39999999999999   39.67
194   ERGANI   1930   2004   26   38.28   39.77
195   PALU   1950   2004   3   38.71999999999999   39.96999999999999
196   KARAKOCAN   1958   2004   3   38.96999999999999   40.03
197   MAZGIRT   1964   2004   6   39.03   39.6
198   TUNCELI   1950   2004   1   39.11999999999999   39.54999999999999
199   ERZINCAN   1930   2004   3   39.75   39.5
200   GUMUSHANE   1931   2004   1   40.46999999999999   39.46999999999999
201   AKCAABAT   1950   2004   11   41.02   39.57999999999999
202   TRABZON   1930   2004   3   41   39.71999999999999
203   RIZE   1930   2004   0   41.03   40.52
204   PAZARRIZE   1950   2004   4   41.18   40.88
205   HOPA   1938   2004   7   41.39999999999999   41.43
206   ARTVIN   1930   2004   14   41.18   41.82
207   OLTU   1950   2004   4   40.54999999999999   41.97999999999999
208   TORTUM   1953   2004   2   40.29999999999999   41.54999999999999
209   ERZURUMBOLGE   2002   2004   1   39.92   41.28
210   ERZURUM   1930   2004   0   39.92   41.27
211   ISPIR   1952   2004   1   40.47999999999999   41
212   BAYBURT   1930   2004   2   40.25   40.22999999999999
213   TERCAN   1941   2004   13   39.78   40.38
214   KIGI   1950   1996   9   39.32   40.35
215   BINGOL   1943   2004   3   38.88   40.47999999999999
216   GENC   1950   2004   10   38.77   40.57999999999999
217   SOLHAN   1950   2004   3   38.96999999999999   41.07
218   MUS   1933   2004   3   38.72999999999999   41.47999999999999
219   VARTO   1950   2004   5   38.17   41.46999999999999
220   BATMAN   1958   2004   3   37.88   41.11999999999999
221   NUSAYBIN   1953   2004   3   37.22999999999999   41.21999999999999
222   MARDIN   1938   2004   1   37.29999999999999   40.72999999999999
223   DIYARBAKIR   1930   2004   1   37.89999999999999   40.22999999999999
224   CEYLANPINAR   1955   2004   2   36.82999999999999   39.92
225   SIIRT   1931   2004   3   37.92   41.95
226   BITLIS   1930   2004   7   38.39999999999999   42.11999999999999
227   TATVAN   1938   2004   23   38.5   42.29999999999999
228   AHLAT   1950   2004   4   38.77   42.5
229   MALAZGIRT   1939   2004   10   39.14999999999999   42.53
230   AGRI   1930   2004   7   39.71999999999999   43.04999999999999
231   ERCIS   1955   2004   2   39.03   43.35
232   MURADIYEVAN   1938   2004   14   38.97999999999999   43.77
233   OZALP   1950   2004   15   38.67   43.97999999999999
234   BASKALE   1953   2004   6   38.04999999999999   44.02
235   YUKSEKOVA   1954   2004   5   37.57   44.28
236   HAKKARI   1932   2004   20   37.57999999999999   43.72999999999999
237   GEVAS   1953   2004   8   38.29999999999999   43.1
238   VAN   1932   2004   3   38.5   43.38
239   DOGUBEYAZIT   1950   2004   6   39.54999999999999   44.07999999999999
240   IGDIR   1930   2004   9   39.92   44.04999999999999
241   ARPACAY   1954   2004   3   40.85   43.32999999999999
242   KARS   1930   2004   0   40.61999999999999   43.1
243   SARIKAMIS   1930   2004   1   40.32999999999999   42.57
244   HORASAN   1956   2004   2   40.04999999999999   42.17
245   HINIS   1938   2004   1   39.36999999999999   41.7
246   ARDAHAN   1938   2004   0   41.11999999999999   42.71999999999999
247   CIZRE   1938   2004   1   37.32   42.18
248   EGIRDIR   1930   2004   26   37.86999999999999   30.82999999999999
249   ISPARTA   1931   2004   0   37.77   30.55
250   BURDUR   1930   2004   7   37.71999999999999   30.28
251   DINAR   1938   2004   1   38.07   30.17
252   ULUBORLU   1957   2004   2   38.07999999999999   30.44999999999999
253   SENIRKENT   1963   2004   2   38.1   30.55
254   AFYON   1930   2004   0   38.75   30.53
255   KUTAHYA   1930   2004   0   39.42   29.96999999999999
256   TAVSANLI   1953   2004   2   39.54999999999999   29.5
257   BOZUYUK   1959   2004   2   39.92   30.03
258   BILECIK   1931   2004   2   40.14999999999999   29.98
259   YENISEHIRBIRLESIK   1940   2004   12   40.25   29.64999999999999
260   ESKISEHIRBIRLESIK   1930   2004   0   39.77   30.52
261   SALIHLI   1939   2004   0   38.47999999999999   28.12999999999999
262   ODEMIS   1930   2004   16   38.22999999999999   27.96999999999999
263   SULTANHISAR   1958   2004   4   37.89999999999999   28.14999999999999
264   NAZILLI   1930   2004   5   37.92   28.32
265   AYDIN   1931   2004   1   37.85   27.85
266   ANTALYA   1930   2004   3   36.88   30.69999999999999
267   MALKARA   1930   2004   26   40.89999999999999   26.92
