1850 -0.400 -0.361 -0.439 -0.234 -0.566 -0.354 -0.441 -0.229 -0.571 -0.223 -0.576
1851 -0.313 -0.273 -0.353 -0.161 -0.465 -0.262 -0.358 -0.156 -0.470 -0.148 -0.477
1852 -0.342 -0.302 -0.382 -0.189 -0.496 -0.293 -0.386 -0.184 -0.501 -0.177 -0.507
1853 -0.366 -0.330 -0.402 -0.206 -0.526 -0.316 -0.410 -0.202 -0.530 -0.194 -0.536
1854 -0.319 -0.288 -0.350 -0.175 -0.463 -0.269 -0.363 -0.171 -0.467 -0.163 -0.473
1855 -0.288 -0.259 -0.317 -0.143 -0.433 -0.238 -0.333 -0.140 -0.436 -0.132 -0.443
1856 -0.438 -0.413 -0.464 -0.297 -0.580 -0.388 -0.484 -0.295 -0.582 -0.286 -0.589
1857 -0.489 -0.460 -0.518 -0.357 -0.622 -0.438 -0.535 -0.354 -0.625 -0.345 -0.632
1858 -0.528 -0.499 -0.557 -0.398 -0.658 -0.475 -0.575 -0.395 -0.661 -0.385 -0.669
1859 -0.420 -0.388 -0.452 -0.293 -0.548 -0.362 -0.471 -0.289 -0.552 -0.277 -0.561
1860 -0.374 -0.341 -0.406 -0.244 -0.503 -0.316 -0.424 -0.240 -0.507 -0.228 -0.516
1861 -0.569 -0.533 -0.604 -0.423 -0.714 -0.501 -0.626 -0.419 -0.718 -0.405 -0.729
1862 -0.613 -0.575 -0.651 -0.457 -0.768 -0.545 -0.671 -0.453 -0.773 -0.439 -0.783
1863 -0.382 -0.345 -0.418 -0.226 -0.538 -0.311 -0.442 -0.222 -0.542 -0.207 -0.553
1864 -0.430 -0.395 -0.464 -0.284 -0.575 -0.365 -0.485 -0.280 -0.579 -0.266 -0.589
1865 -0.289 -0.251 -0.326 -0.125 -0.452 -0.213 -0.352 -0.121 -0.457 -0.105 -0.468
1866 -0.273 -0.232 -0.314 -0.126 -0.420 -0.191 -0.342 -0.120 -0.426 -0.100 -0.441
1867 -0.321 -0.283 -0.360 -0.172 -0.471 -0.240 -0.390 -0.167 -0.476 -0.147 -0.490
1868 -0.142 -0.103 -0.181  0.002 -0.287 -0.061 -0.210  0.008 -0.292  0.028 -0.307
1869 -0.246 -0.211 -0.282 -0.109 -0.383 -0.180 -0.304 -0.105 -0.388 -0.090 -0.399
1870 -0.240 -0.209 -0.271 -0.119 -0.361 -0.176 -0.297 -0.115 -0.365 -0.100 -0.378
1871 -0.252 -0.219 -0.285 -0.124 -0.380 -0.185 -0.311 -0.120 -0.384 -0.103 -0.397
1872 -0.263 -0.230 -0.296 -0.142 -0.384 -0.196 -0.324 -0.138 -0.388 -0.121 -0.402
1873 -0.287 -0.255 -0.320 -0.167 -0.407 -0.218 -0.349 -0.163 -0.412 -0.145 -0.426
1874 -0.413 -0.381 -0.444 -0.298 -0.528 -0.343 -0.475 -0.294 -0.532 -0.275 -0.547
1875 -0.321 -0.292 -0.349 -0.206 -0.436 -0.251 -0.383 -0.202 -0.439 -0.183 -0.455
1876 -0.328 -0.300 -0.357 -0.210 -0.447 -0.256 -0.392 -0.207 -0.450 -0.187 -0.466
1877  0.016  0.045 -0.013  0.133 -0.101  0.091 -0.050  0.137 -0.105  0.158 -0.122
1878  0.039  0.066  0.012  0.158 -0.079  0.110 -0.024  0.161 -0.082  0.180 -0.098
1879 -0.214 -0.186 -0.242 -0.096 -0.331 -0.144 -0.276 -0.093 -0.335 -0.074 -0.350
1880 -0.209 -0.184 -0.234 -0.086 -0.332 -0.136 -0.274 -0.083 -0.335 -0.064 -0.351
1881 -0.229 -0.205 -0.253 -0.107 -0.352 -0.157 -0.294 -0.104 -0.355 -0.085 -0.370
1882 -0.212 -0.188 -0.237 -0.094 -0.331 -0.138 -0.279 -0.091 -0.333 -0.070 -0.350
1883 -0.243 -0.220 -0.266 -0.133 -0.352 -0.168 -0.310 -0.131 -0.354 -0.108 -0.373
1884 -0.329 -0.307 -0.351 -0.216 -0.441 -0.254 -0.396 -0.214 -0.443 -0.192 -0.462
1885 -0.341 -0.316 -0.365 -0.227 -0.454 -0.265 -0.409 -0.225 -0.456 -0.202 -0.475
1886 -0.261 -0.237 -0.285 -0.149 -0.373 -0.185 -0.329 -0.146 -0.376 -0.123 -0.395
1887 -0.330 -0.305 -0.355 -0.222 -0.438 -0.253 -0.399 -0.219 -0.441 -0.195 -0.461
1888 -0.249 -0.228 -0.271 -0.139 -0.359 -0.172 -0.318 -0.137 -0.361 -0.113 -0.380
1889 -0.150 -0.125 -0.174 -0.037 -0.263 -0.068 -0.222 -0.034 -0.266 -0.008 -0.286
1890 -0.379 -0.355 -0.403 -0.271 -0.488 -0.294 -0.455 -0.268 -0.491 -0.239 -0.514
1891 -0.334 -0.309 -0.358 -0.223 -0.444 -0.242 -0.412 -0.220 -0.447 -0.188 -0.472
1892 -0.383 -0.359 -0.407 -0.275 -0.492 -0.294 -0.461 -0.272 -0.494 -0.241 -0.519
1893 -0.454 -0.429 -0.479 -0.346 -0.562 -0.363 -0.533 -0.343 -0.565 -0.311 -0.590
1894 -0.392 -0.369 -0.415 -0.283 -0.501 -0.301 -0.470 -0.280 -0.503 -0.248 -0.528
1895 -0.314 -0.290 -0.338 -0.207 -0.422 -0.219 -0.397 -0.204 -0.425 -0.169 -0.452
1896 -0.150 -0.128 -0.173 -0.041 -0.260 -0.058 -0.230 -0.039 -0.262 -0.005 -0.288
1897 -0.187 -0.163 -0.210 -0.074 -0.300 -0.093 -0.268 -0.071 -0.302 -0.038 -0.328
1898 -0.389 -0.366 -0.411 -0.277 -0.500 -0.296 -0.469 -0.275 -0.502 -0.242 -0.528
1899 -0.237 -0.215 -0.259 -0.131 -0.343 -0.144 -0.318 -0.129 -0.345 -0.094 -0.372
1900 -0.143 -0.119 -0.168 -0.036 -0.250 -0.048 -0.226 -0.034 -0.253  0.002 -0.281
1901 -0.258 -0.235 -0.282 -0.148 -0.368 -0.162 -0.342 -0.146 -0.371 -0.110 -0.399
1902 -0.386 -0.366 -0.405 -0.276 -0.495 -0.294 -0.465 -0.274 -0.497 -0.241 -0.523
1903 -0.478 -0.456 -0.500 -0.365 -0.592 -0.387 -0.558 -0.363 -0.594 -0.331 -0.618
1904 -0.502 -0.482 -0.523 -0.389 -0.615 -0.411 -0.581 -0.387 -0.617 -0.355 -0.641
1905 -0.321 -0.301 -0.342 -0.213 -0.430 -0.232 -0.399 -0.211 -0.432 -0.179 -0.457
1906 -0.282 -0.263 -0.301 -0.168 -0.396 -0.194 -0.359 -0.166 -0.398 -0.137 -0.421
1907 -0.446 -0.426 -0.466 -0.337 -0.555 -0.358 -0.523 -0.335 -0.557 -0.305 -0.581
1908 -0.529 -0.510 -0.548 -0.420 -0.638 -0.443 -0.605 -0.419 -0.640 -0.389 -0.664
1909 -0.563 -0.546 -0.581 -0.454 -0.673 -0.476 -0.640 -0.452 -0.674 -0.422 -0.698
1910 -0.559 -0.542 -0.575 -0.451 -0.667 -0.471 -0.636 -0.449 -0.668 -0.419 -0.693
1911 -0.568 -0.552 -0.584 -0.461 -0.675 -0.479 -0.645 -0.460 -0.676 -0.428 -0.701
1912 -0.476 -0.459 -0.492 -0.370 -0.582 -0.385 -0.555 -0.369 -0.583 -0.336 -0.609
1913 -0.463 -0.445 -0.481 -0.354 -0.572 -0.377 -0.539 -0.353 -0.573 -0.323 -0.597
1914 -0.321 -0.303 -0.340 -0.215 -0.428 -0.230 -0.402 -0.213 -0.430 -0.180 -0.456
1915 -0.227 -0.202 -0.251 -0.114 -0.339 -0.133 -0.309 -0.111 -0.342 -0.078 -0.368
1916 -0.462 -0.438 -0.486 -0.351 -0.572 -0.366 -0.547 -0.349 -0.575 -0.314 -0.603
1917 -0.540 -0.518 -0.562 -0.431 -0.649 -0.440 -0.628 -0.429 -0.651 -0.390 -0.682
1918 -0.355 -0.330 -0.381 -0.240 -0.470 -0.252 -0.447 -0.237 -0.473 -0.198 -0.504
1919 -0.387 -0.362 -0.413 -0.272 -0.503 -0.286 -0.475 -0.269 -0.506 -0.231 -0.535
1920 -0.323 -0.299 -0.347 -0.205 -0.441 -0.226 -0.409 -0.203 -0.444 -0.168 -0.471
1921 -0.285 -0.265 -0.306 -0.178 -0.393 -0.190 -0.370 -0.176 -0.395 -0.140 -0.424
1922 -0.376 -0.357 -0.395 -0.271 -0.481 -0.285 -0.459 -0.269 -0.483 -0.235 -0.511
1923 -0.335 -0.317 -0.353 -0.233 -0.438 -0.242 -0.420 -0.231 -0.439 -0.195 -0.469
1924 -0.366 -0.348 -0.384 -0.260 -0.472 -0.273 -0.452 -0.259 -0.473 -0.224 -0.504
1925 -0.279 -0.261 -0.298 -0.175 -0.384 -0.185 -0.365 -0.174 -0.385 -0.138 -0.415
1926 -0.184 -0.166 -0.202 -0.080 -0.288 -0.090 -0.270 -0.078 -0.290 -0.042 -0.320
1927 -0.254 -0.237 -0.271 -0.153 -0.355 -0.161 -0.340 -0.151 -0.357 -0.116 -0.388
1928 -0.240 -0.223 -0.258 -0.141 -0.340 -0.146 -0.327 -0.140 -0.341 -0.102 -0.373
1929 -0.372 -0.354 -0.389 -0.271 -0.472 -0.277 -0.458 -0.270 -0.473 -0.233 -0.505
1930 -0.173 -0.156 -0.191 -0.074 -0.272 -0.081 -0.258 -0.072 -0.274 -0.036 -0.305
1931 -0.141 -0.122 -0.159 -0.043 -0.238 -0.048 -0.226 -0.041 -0.240 -0.005 -0.272
1932 -0.178 -0.160 -0.196 -0.083 -0.273 -0.086 -0.262 -0.081 -0.274 -0.045 -0.306
1933 -0.349 -0.332 -0.366 -0.254 -0.445 -0.256 -0.434 -0.252 -0.447 -0.215 -0.478
1934 -0.199 -0.184 -0.215 -0.103 -0.296 -0.108 -0.284 -0.101 -0.297 -0.066 -0.329
1935 -0.201 -0.186 -0.217 -0.107 -0.296 -0.109 -0.287 -0.105 -0.298 -0.068 -0.330
1936 -0.161 -0.146 -0.177 -0.069 -0.253 -0.070 -0.245 -0.068 -0.255 -0.031 -0.287
1937 -0.046 -0.031 -0.062  0.043 -0.135  0.045 -0.132  0.044 -0.136  0.082 -0.171
1938 -0.025 -0.008 -0.042  0.069 -0.119  0.065 -0.109  0.071 -0.121  0.106 -0.152
1939  0.009  0.026 -0.009  0.101 -0.083  0.101 -0.079  0.102 -0.085  0.141 -0.120
1940  0.013  0.036 -0.009  0.118 -0.091  0.073 -0.038  0.120 -0.093  0.135 -0.105
1941  0.067  0.087  0.046  0.166 -0.033  0.118  0.025  0.168 -0.035  0.181 -0.043
1942 -0.056 -0.031 -0.081  0.047 -0.159 -0.035 -0.068  0.050 -0.162  0.052 -0.163
1943 -0.035 -0.006 -0.063  0.073 -0.142 -0.013 -0.046  0.076 -0.146  0.078 -0.146
1944  0.087  0.111  0.063  0.192 -0.018  0.107  0.077  0.195 -0.020  0.196 -0.021
1945 -0.031 -0.004 -0.057  0.084 -0.145 -0.011 -0.040  0.087 -0.148  0.089 -0.149
1946 -0.220 -0.199 -0.241 -0.125 -0.315 -0.206 -0.225 -0.122 -0.317 -0.121 -0.318
1947 -0.205 -0.186 -0.224 -0.111 -0.298 -0.193 -0.208 -0.109 -0.300 -0.109 -0.300
1948 -0.247 -0.228 -0.265 -0.157 -0.337 -0.236 -0.249 -0.155 -0.339 -0.154 -0.339
1949 -0.232 -0.214 -0.249 -0.143 -0.321 -0.224 -0.233 -0.141 -0.322 -0.140 -0.322
1950 -0.342 -0.325 -0.359 -0.253 -0.431 -0.335 -0.342 -0.251 -0.433 -0.251 -0.433
1951 -0.169 -0.152 -0.185 -0.077 -0.261 -0.162 -0.169 -0.076 -0.262 -0.075 -0.262
1952 -0.090 -0.074 -0.106  0.000 -0.180 -0.083 -0.090  0.002 -0.181  0.002 -0.181
1953 -0.055 -0.039 -0.072  0.037 -0.147 -0.049 -0.055  0.038 -0.149  0.038 -0.149
1954 -0.231 -0.215 -0.247 -0.142 -0.320 -0.225 -0.231 -0.140 -0.322 -0.140 -0.322
1955 -0.291 -0.275 -0.306 -0.201 -0.381 -0.285 -0.291 -0.199 -0.382 -0.199 -0.382
1956 -0.325 -0.311 -0.340 -0.239 -0.411 -0.320 -0.325 -0.238 -0.412 -0.238 -0.412
1957 -0.091 -0.077 -0.106 -0.006 -0.176 -0.086 -0.091 -0.005 -0.178 -0.005 -0.178
1958 -0.025 -0.011 -0.039  0.060 -0.110 -0.020 -0.025  0.062 -0.111  0.062 -0.111
1959 -0.115 -0.100 -0.129 -0.031 -0.199 -0.110 -0.115 -0.029 -0.200 -0.029 -0.200
1960 -0.139 -0.125 -0.153 -0.056 -0.221 -0.135 -0.139 -0.055 -0.223 -0.055 -0.223
1961 -0.044 -0.031 -0.058  0.041 -0.129 -0.041 -0.044  0.042 -0.130  0.042 -0.130
1962 -0.032 -0.018 -0.046  0.055 -0.120 -0.029 -0.032  0.056 -0.121  0.057 -0.121
1963 -0.047 -0.033 -0.061  0.040 -0.135 -0.044 -0.047  0.042 -0.136  0.042 -0.136
1964 -0.316 -0.303 -0.329 -0.231 -0.401 -0.313 -0.316 -0.230 -0.402 -0.230 -0.402
1965 -0.220 -0.208 -0.232 -0.133 -0.306 -0.217 -0.220 -0.133 -0.307 -0.133 -0.307
1966 -0.159 -0.147 -0.171 -0.073 -0.245 -0.157 -0.159 -0.072 -0.246 -0.072 -0.246
1967 -0.151 -0.138 -0.163 -0.066 -0.236 -0.149 -0.151 -0.065 -0.237 -0.065 -0.237
1968 -0.129 -0.117 -0.141 -0.044 -0.213 -0.127 -0.129 -0.043 -0.214 -0.043 -0.214
1969 -0.004  0.008 -0.017  0.082 -0.090 -0.003 -0.004  0.082 -0.091  0.082 -0.091
1970 -0.071 -0.059 -0.083  0.014 -0.156 -0.070 -0.071  0.015 -0.157  0.015 -0.157
1971 -0.178 -0.165 -0.190 -0.094 -0.262 -0.177 -0.178 -0.093 -0.263 -0.093 -0.263
1972 -0.056 -0.044 -0.068  0.027 -0.139 -0.055 -0.056  0.028 -0.140  0.028 -0.140
1973  0.060  0.073  0.048  0.143 -0.023  0.061  0.060  0.144 -0.024  0.144 -0.024
1974 -0.227 -0.215 -0.239 -0.143 -0.311 -0.227 -0.227 -0.142 -0.312 -0.142 -0.312
1975 -0.134 -0.122 -0.147 -0.052 -0.217 -0.134 -0.134 -0.051 -0.218 -0.051 -0.218
1976 -0.230 -0.217 -0.244 -0.147 -0.314 -0.230 -0.231 -0.146 -0.315 -0.146 -0.315
1977  0.058  0.070  0.046  0.142 -0.026  0.058  0.058  0.143 -0.026  0.143 -0.026
1978 -0.050 -0.038 -0.062  0.035 -0.136 -0.050 -0.051  0.036 -0.136  0.036 -0.136
1979  0.056  0.066  0.046  0.140 -0.028  0.056  0.055  0.141 -0.029  0.141 -0.029
1980  0.101  0.112  0.091  0.185  0.017  0.101  0.100  0.186  0.016  0.186  0.016
1981  0.130  0.141  0.119  0.216  0.044  0.130  0.129  0.217  0.043  0.217  0.043
1982  0.008  0.019 -0.003  0.095 -0.079  0.008  0.006  0.095 -0.079  0.095 -0.079
1983  0.187  0.198  0.176  0.273  0.102  0.187  0.185  0.273  0.101  0.273  0.101
1984 -0.011 -0.001 -0.021  0.075 -0.097 -0.011 -0.013  0.075 -0.097  0.075 -0.098
1985 -0.019 -0.009 -0.029  0.064 -0.101 -0.019 -0.021  0.064 -0.102  0.064 -0.102
1986  0.022  0.032  0.012  0.107 -0.063  0.022  0.019  0.107 -0.064  0.107 -0.064
1987  0.167  0.177  0.157  0.252  0.082  0.167  0.164  0.253  0.081  0.253  0.081
1988  0.163  0.172  0.153  0.246  0.079  0.163  0.160  0.247  0.078  0.247  0.078
1989  0.095  0.105  0.084  0.179  0.010  0.095  0.092  0.180  0.009  0.180  0.009
1990  0.248  0.259  0.238  0.334  0.163  0.248  0.245  0.334  0.162  0.334  0.162
1991  0.198  0.208  0.187  0.287  0.108  0.198  0.194  0.288  0.108  0.288  0.107
1992  0.058  0.069  0.047  0.148 -0.032  0.058  0.054  0.149 -0.033  0.149 -0.033
1993  0.103  0.114  0.091  0.195  0.011  0.103  0.099  0.195  0.011  0.195  0.011
1994  0.165  0.176  0.154  0.259  0.071  0.165  0.161  0.259  0.070  0.259  0.070
1995  0.275  0.286  0.264  0.367  0.183  0.275  0.271  0.368  0.182  0.368  0.182
1996  0.124  0.134  0.113  0.220  0.027  0.124  0.119  0.221  0.026  0.221  0.026
1997  0.356  0.367  0.346  0.449  0.264  0.356  0.352  0.449  0.264  0.449  0.263
1998  0.517  0.528  0.506  0.609  0.424  0.517  0.512  0.610  0.423  0.610  0.423
1999  0.263  0.275  0.252  0.356  0.170  0.263  0.258  0.357  0.170  0.357  0.169
2000  0.239  0.250  0.228  0.334  0.144  0.239  0.234  0.334  0.144  0.334  0.143
2001  0.399  0.411  0.388  0.495  0.304  0.399  0.394  0.496  0.303  0.496  0.303
2002  0.456  0.467  0.445  0.554  0.358  0.456  0.450  0.554  0.358  0.554  0.357
2003  0.459  0.470  0.449  0.558  0.361  0.459  0.453  0.558  0.360  0.558  0.360
2004  0.431  0.443  0.420  0.529  0.334  0.431  0.425  0.530  0.333  0.530  0.333
2005  0.474  0.485  0.464  0.577  0.372  0.474  0.468  0.578  0.371  0.578  0.371
2006  0.427  0.437  0.417  0.527  0.328  0.427  0.421  0.527  0.327  0.527  0.327
2007  0.402  0.412  0.392  0.502  0.301  0.402  0.396  0.503  0.301  0.503  0.301
2008  0.312  0.322  0.302  0.410  0.214  0.312  0.306  0.411  0.214  0.411  0.214
2009  0.439  0.449  0.429  0.534  0.344  0.439  0.433  0.535  0.344  0.535  0.343
2010  0.499  0.509  0.489  0.593  0.405  0.499  0.492  0.594  0.404  0.594  0.404
2011  0.347  0.358  0.337  0.441  0.254  0.347  0.341  0.441  0.253  0.441  0.253
2012  0.395  0.405  0.385  0.489  0.301  0.395  0.388  0.489  0.301  0.489  0.301
2013  0.457  0.467  0.446  0.550  0.363  0.457  0.450  0.550  0.363  0.550  0.363
2014  0.457  0.471  0.444  0.557  0.358  0.457  0.450  0.558  0.357  0.558  0.356
