    aaa  bbb  ccc  ddd  eee  fff  ggg  hhh  iii
DDD 0.32 0.32 0.49 0.29 0.35 0.15 0.56 0.81 0.32
EEE 0.34 0.89 0.33 0.28 0.50 0.77 0.02 0.04 0.29
FFF 0.09 0.74 0.36 0.21 0.08 0.15 0.70 0.39 0.76
GGG 0.64 0.47 0.85 0.49 0.01 0.91 0.74 0.38 0.44
HHH 0.79 0.03 0.15 0.08 0.92 0.30 0.49 0.73 0.18
III 0.73 0.33 0.88 0.62 0.47 0.29 0.14 0.44 0.48
JJJ 0.71 0.08 0.74 0.53 0.67 0.15 0.43 0.54 0.90
KKK 0.38 0.14 0.72 0.50 0.50 0.89 0.46 0.58 0.87
LLL 0.48 0.76 0.02 0.55 0.96 0.88 0.23 0.75 0.18
MMM 0.74 0.24 0.70 0.38 0.43 0.56 0.37 0.48 0.10
NNN 0.14 0.06 0.13 0.83 0.19 0.14 0.45 0.84 0.92
PPP 0.27 0.61 0.79 0.23 0.32 0.18 0.46 0.78 0.44
QQQ 0.05 0.01 0.34 0.74 0.65 0.08 0.70 0.39 0.69
RRR 0.51 0.83 0.63 0.59 0.96 0.20 0.10 0.63 0.76
SSS 0.32 0.45 0.26 0.54 0.29 0.03 0.81 0.21 0.57
TTT 0.85 0.26 0.89 0.65 0.69 0.67 0.24 0.93 0.38
UUU 0.87 0.05 0.64 0.28 0.36 0.16 0.52 0.18 0.41
VVV 0.88 0.39 0.26 0.11 0.20 0.41 0.33 0.72 0.77
WWW 0.22 0.35 0.51 0.30 0.12 0.23 0.29 0.20 0.84
XXX 0.08 0.74 0.01 0.66 0.79 0.70 0.64 0.06 0.98
YYY 0.89 0.31 0.95 0.97 0.47 0.54 0.85 0.77 0.54
ZZZ 0.57 0.09 0.37 0.88 0.35 0.77 0.55 0.36 0.30
