	0 200 400 600
	0.0282697 200.028 400.028 600.028
	0.113023 200.113 400.113 600.113
	0.254092 200.254 400.254 600.254
	0.4512 200.451 400.451 600.451
	0.703955 200.704 400.704 600.704
	1.01186 201.012 401.012 601.012
	1.3743 201.374 401.374 601.374
	1.79057 201.791 401.791 601.791
	2.25983 202.26 402.26 602.26
	2.78115 202.781 402.781 602.781
	3.35351 203.354 403.354 603.354
	3.97575 203.976 403.976 603.976
	4.64663 204.647 404.647 604.647
	5.36482 205.365 405.365 605.365
	6.12887 206.129 406.129 606.129
	6.93725 206.937 406.937 606.937
	7.78833 207.788 407.788 607.788
	8.68039 208.68 408.68 608.68
	9.61163 209.612 409.612 609.612
	10.5801 210.58 410.58 610.58
	11.5839 211.584 411.584 611.584
	12.621 212.621 412.621 612.621
	13.6892 213.689 413.689 613.689
	14.7862 214.786 414.786 614.786
	15.9099 215.91 415.91 615.91
	17.0579 217.058 417.058 617.058
	18.2277 218.228 418.228 618.228
	19.4169 219.417 419.417 619.417
	20.623 220.623 420.623 620.623
	21.8435 221.843 421.843 621.843
	23.0755 223.076 423.076 623.076
	24.3166 224.317 424.317 624.317
	25.564 225.564 425.564 625.564
	26.815 226.815 426.815 626.815
	28.0667 228.067 428.067 628.067
	29.3164 229.316 429.316 629.316
	30.5612 230.561 430.561 630.561
	31.7984 231.798 431.798 631.798
	33.0249 233.025 433.025 633.025
	34.238 234.238 434.238 634.238
	35.4348 235.435 435.435 635.435
	36.6124 236.612 436.612 636.612
	37.768 237.768 437.768 637.768
	38.8986 238.899 438.899 638.899
	40.0014 240.001 440.001 640.001
	41.0735 241.074 441.074 641.074
	42.1123 242.112 442.112 642.112
	43.1147 243.115 443.115 643.115
	44.0782 244.078 444.078 644.078
	45 245 445 645
	45.8773 245.877 445.877 645.877
	46.7076 246.708 446.708 646.708
	47.4883 247.488 447.488 647.488
	48.2168 248.217 448.217 648.217
	48.8906 248.891 448.891 648.891
	49.5073 249.507 449.507 649.507
	50.0645 250.065 450.065 650.065
	50.56 250.56 450.56 650.56
	50.9916 250.992 450.992 650.992
	51.357 251.357 451.357 651.357
	51.6544 251.654 451.654 651.654
	51.8815 251.882 451.882 651.882
	52.0367 252.037 452.037 652.037
	52.118 252.118 452.118 652.118
	52.1239 252.124 452.124 652.124
	52.0526 252.053 452.053 652.053
	51.9027 251.903 451.903 651.903
	51.6729 251.673 451.673 651.673
	51.3617 251.362 451.362 651.362
	50.9681 250.968 450.968 650.968
	50.4909 250.491 450.491 650.491
	49.9292 249.929 449.929 649.929
	49.2823 249.282 449.282 649.282
	48.5493 248.549 448.549 648.549
	47.7297 247.73 447.73 647.73
	46.823 246.823 446.823 646.823
	45.8289 245.829 445.829 645.829
	44.7472 244.747 444.747 644.747
	43.5777 243.578 443.578 643.578
	42.3205 242.321 442.321 642.321
	40.9759 240.976 440.976 640.976
	39.544 239.544 439.544 639.544
	38.0254 238.025 438.025 638.025
	36.4206 236.421 436.421 636.421
	34.7303 234.73 434.73 634.73
	32.9553 232.955 432.955 632.955
	31.0967 231.097 431.097 631.097
	29.1555 229.155 429.155 629.155
	27.1329 227.133 427.133 627.133
	25.0304 225.03 425.03 625.03
	22.8494 222.849 422.849 622.849
	20.5915 220.592 420.591 620.591
	18.2586 218.259 418.259 618.259
	15.8524 215.852 415.852 615.852
	13.3751 213.375 413.375 613.375
	10.8288 210.829 410.829 610.829
	8.21565 208.216 408.216 608.216
	5.53812 205.538 405.538 605.538
	2.79869 202.799 402.799 602.799
	-7.86805e-06 200 400 600
	-2.85525 197.145 397.145 597.145
	-5.76418 194.236 394.236 594.236
	-8.72385 191.276 391.276 591.276
	-11.7312 188.269 388.269 588.269
	-14.7831 185.217 385.217 585.217
	-17.8762 182.124 382.124 582.124
	-21.0072 178.993 378.993 578.993
	-24.1727 175.827 375.827 575.827
	-27.369 172.631 372.631 572.631
	-30.5927 169.407 369.407 569.407
	-33.8399 166.16 366.16 566.16
	-37.107 162.893 362.893 562.893
	-40.39 159.61 359.61 559.61
	-43.685 156.315 356.315 556.315
	-46.988 153.012 353.012 553.012
	-50.2951 149.705 349.705 549.705
	-53.6021 146.398 346.398 546.398
	-56.9048 143.095 343.095 543.095
	-60.1991 139.801 339.801 539.801
	-63.4808 136.519 336.519 536.519
	-66.7456 133.254 333.254 533.254
	-69.9892 130.011 330.011 530.011
	-73.2072 126.793 326.793 526.793
	-76.3955 123.605 323.605 523.605
	-79.5495 120.45 320.45 520.451
	-82.6651 117.335 317.335 517.335
	-85.7377 114.262 314.262 514.262
	-88.7631 111.237 311.237 511.237
	-91.737 108.263 308.263 508.263
	-94.655 105.345 305.345 505.345
	-97.5128 102.487 302.487 502.487
	-100.306 99.6938 299.694 499.694
	-103.031 96.9692 296.969 496.969
	-105.683 94.3174 294.317 494.317
	-108.257 91.7427 291.743 491.743
	-110.751 89.2492 289.249 489.249
	-113.159 86.8408 286.841 486.841
	-115.478 84.5218 284.522 484.522
	-117.704 82.2958 282.296 482.296
	-119.833 80.1669 280.167 480.167
	-121.861 78.1387 278.139 478.139
	-123.785 76.2151 276.215 476.215
	-125.6 74.3995 274.4 474.4
	-127.304 72.6956 272.696 472.696
	-128.893 71.1067 271.107 471.107
	-130.364 69.6361 269.636 469.636
	-131.713 68.2871 268.287 468.287
	-132.937 67.0628 267.063 467.063
	-134.034 65.9662 265.966 465.966
	-135 65 265 465
	-135.833 64.1671 264.167 464.167
	-136.53 63.4699 263.47 463.47
	-137.089 62.9111 262.911 462.911
	-137.507 62.4929 262.493 462.493
	-137.783 62.2175 262.217 462.217
	-137.913 62.0869 262.087 462.087
	-137.897 62.103 262.103 462.103
	-137.733 62.2675 262.267 462.267
	-137.418 62.582 262.582 462.582
	-136.952 63.0479 263.048 463.048
	-136.334 63.6664 263.666 463.666
	-135.561 64.4386 264.439 464.439
	-134.635 65.3654 265.365 465.365
	-133.552 66.4475 266.448 466.448
	-132.314 67.6855 267.686 467.686
	-130.92 69.0798 269.08 469.08
	-129.37 70.6305 270.63 470.63
	-127.662 72.3376 272.338 472.338
	-125.799 74.2011 274.201 474.201
	-123.78 76.2204 276.22 476.22
	-121.605 78.3952 278.395 478.395
	-119.275 80.7246 280.725 480.725
	-116.792 83.2077 283.208 483.208
	-114.156 85.8436 285.844 485.844
	-111.369 88.6307 288.631 488.631
	-108.432 91.5678 291.568 491.568
	-105.347 94.6531 294.653 494.653
	-102.115 97.8847 297.885 497.885
	-98.7393 101.261 301.261 501.261
	-95.2212 104.779 304.779 504.779
	-91.5633 108.437 308.437 508.437
	-87.7684 112.232 312.232 512.232
	-83.8391 116.161 316.161 516.161
	-79.7783 120.222 320.222 520.222
	-75.5894 124.411 324.411 524.411
	-71.2754 128.725 328.725 528.725
	-66.8399 133.16 333.16 533.16
	-62.2866 137.713 337.713 537.713
	-57.6192 142.381 342.381 542.381
	-52.8418 147.158 347.158 547.158
	-47.9585 152.042 352.042 552.042
	-42.9735 157.026 357.026 557.026
	-37.8915 162.109 362.109 562.109
	-32.7168 167.283 367.283 567.283
	-27.4542 172.546 372.546 572.546
	-22.1088 177.891 377.891 577.891
	-16.6854 183.315 383.315 583.315
	-11.1892 188.811 388.811 588.811
	-5.62564 194.374 394.374 594.374
	3.14722e-05 200 400 600
	5.68224 205.682 405.682 605.682
	11.4154 211.415 411.415 611.415
	17.1936 217.194 417.194 617.194
	23.0112 223.011 423.011 623.011
	28.8622 228.862 428.862 628.862
	34.7405 234.741 434.741 634.741
	40.6401 240.64 440.64 640.64
	46.5548 246.555 446.555 646.555
	52.4783 252.478 452.478 652.478
	58.4043 258.404 458.404 658.404
	64.3264 264.326 464.326 664.326
	70.2382 270.238 470.238 670.238
	76.1333 276.133 476.133 676.133
	82.0051 282.005 482.005 682.005
	87.8472 287.847 487.847 687.847
	93.653 293.653 493.653 693.653
	99.4158 299.416 499.416 699.416
	105.129 305.129 505.129 705.129
	110.787 310.787 510.787 710.787
	116.382 316.382 516.382 716.382
	121.907 321.907 521.907 721.907
	127.357 327.357 527.357 727.357
	132.725 332.725 532.725 732.725
	138.005 338.005 538.005 738.005
	143.189 343.189 543.189 743.189
	148.272 348.272 548.272 748.272
	153.248 353.248 553.248 753.248
	158.109 358.109 558.109 758.109
	162.851 362.851 562.851 762.851
	167.467 367.467 567.467 767.467
	171.95 371.95 571.95 771.95
	176.296 376.296 576.296 776.296
	180.498 380.498 580.498 780.498
	184.55 384.55 584.55 784.55
	188.448 388.448 588.448 788.448
	192.185 392.185 592.185 792.185
	195.757 395.757 595.757 795.757
	199.158 399.158 599.158 799.158
	202.383 402.383 602.383 802.383
	205.428 405.428 605.428 805.428
	208.288 408.288 608.288 808.288
	210.957 410.957 610.957 810.957
	213.433 413.433 613.433 813.433
	215.71 415.71 615.71 815.71
	217.785 417.785 617.785 817.785
	219.654 419.654 619.654 819.654
	221.313 421.313 621.313 821.313
	222.76 422.76 622.76 822.76
	223.989 423.989 623.989 823.989
	225 425 625 825
	225.789 425.789 625.789 825.789
	226.352 426.352 626.352 826.352
	226.689 426.689 626.689 826.689
	226.797 426.797 626.797 826.797
	226.674 426.674 626.674 826.674
	226.319 426.319 626.319 826.319
	225.73 425.73 625.729 825.729
	224.905 424.905 624.905 824.905
	223.844 423.844 623.844 823.844
	222.547 422.547 622.547 822.547
	221.013 421.013 621.013 821.013
	219.241 419.241 619.241 819.241
	217.232 417.232 617.232 817.232
	214.987 414.987 614.987 814.987
	212.505 412.505 612.505 812.505
	209.788 409.788 609.788 809.788
	206.836 406.836 606.836 806.836
	203.652 403.652 603.652 803.652
	200.236 400.236 600.236 800.236
	196.591 396.591 596.591 796.591
	192.719 392.719 592.719 792.719
	188.622 388.622 588.622 788.622
	184.302 384.302 584.302 784.302
	179.764 379.764 579.764 779.764
	175.009 375.009 575.009 775.009
	170.041 370.041 570.041 770.041
	164.865 364.865 564.865 764.865
	159.483 359.483 559.483 759.483
	153.901 353.901 553.901 753.901
	148.122 348.122 548.122 748.122
	142.151 342.151 542.151 742.151
	135.993 335.993 535.993 735.993
	129.653 329.653 529.653 729.653
	123.136 323.136 523.136 723.136
	116.448 316.448 516.448 716.448
	109.595 309.595 509.595 709.595
	102.583 302.583 502.583 702.583
	95.4177 295.418 495.418 695.418
	88.1055 288.106 488.106 688.106
	80.6532 280.653 480.653 680.653
	73.0676 273.068 473.068 673.068
	65.3555 265.355 465.355 665.355
	57.5241 257.524 457.524 657.524
	49.5809 249.581 449.581 649.581
	41.5331 241.533 441.533 641.533
	33.3885 233.389 433.389 633.389
	25.1549 225.155 425.155 625.155
	16.8402 216.84 416.84 616.84
	8.45263 208.453 408.453 608.453
	-6.43944e-06 200 400 600
	-8.50918 191.491 391.491 591.491
	-17.0665 182.934 382.934 582.934
	-25.6634 174.337 374.337 574.337
	-34.2912 165.709 365.709 565.709
	-42.9413 157.059 357.059 557.059
	-51.6048 148.395 348.395 548.395
	-60.273 139.727 339.727 539.727
	-68.9369 131.063 331.063 531.063
	-77.5875 122.413 322.413 522.413
	-86.2158 113.784 313.784 513.784
	-94.8128 105.187 305.187 505.187
	-103.369 96.6306 296.631 496.631
	-111.877 88.1234 288.123 488.123
	-120.325 79.6747 279.675 479.675
	-128.706 71.2936 271.294 471.294
	-137.011 62.9892 262.989 462.989
	-145.23 54.7704 254.77 454.77
	-153.354 46.6463 246.646 446.646
	-161.374 38.6258 238.626 438.626
	-169.282 30.7178 230.718 430.718
	-177.069 22.9311 222.931 422.931
	-184.726 15.2745 215.274 415.274
	-192.243 7.75658 207.757 407.757
	-199.614 0.385986 200.386 400.386
	-206.829 -6.8288 193.171 393.171
	-213.879 -13.8795 186.121 386.121
	-220.758 -20.7578 179.242 379.242
	-227.456 -27.4556 172.544 372.544
	-233.965 -33.965 166.035 366.035
	-240.278 -40.2781 159.722 359.722
	-246.387 -46.3874 153.613 353.613
	-252.285 -52.2852 147.715 347.715
	-257.964 -57.9644 142.036 342.036
	-263.418 -63.4178 136.582 336.582
	-268.639 -68.6385 131.361 331.361
	-273.62 -73.6198 126.38 326.38
	-278.355 -78.355 121.645 321.645
	-282.838 -82.838 117.162 317.162
	-287.063 -87.0628 112.937 312.937
	-291.023 -91.0233 108.977 308.977
	-294.714 -94.7142 105.286 305.286
	-298.13 -98.1299 101.87 301.87
	-301.266 -101.266 98.7345 298.734
	-304.116 -104.116 95.8838 295.884
	-306.677 -106.677 93.3228 293.323
	-308.945 -108.945 91.0555 291.055
	-310.914 -110.914 89.086 289.086
	-312.582 -112.582 87.418 287.418
	-313.945 -113.945 86.055 286.055
	-315 -115 85 285
	-315.744 -115.744 84.2559 284.256
	-316.175 -116.175 83.8252 283.825
	-316.29 -116.29 83.71 283.71
	-316.088 -116.088 83.9123 283.912
	-315.566 -115.566 84.4336 284.434
	-314.725 -114.725 85.2752 285.275
	-313.562 -113.562 86.438 286.438
	-312.077 -112.077 87.9226 287.923
	-310.271 -110.271 89.7292 289.729
	-308.142 -108.142 91.8578 291.858
	-305.692 -105.692 94.308 294.308
	-302.921 -102.921 97.0789 297.079
	-299.83 -99.8303 100.17 300.17
	-296.421 -96.4212 103.579 303.579
	-292.695 -92.6955 107.305 307.305
	-288.655 -88.6553 111.345 311.345
	-284.303 -84.3029 115.697 315.697
	-279.641 -79.6412 120.359 320.359
	-274.673 -74.6733 125.327 325.327
	-269.402 -69.4025 130.598 330.598
	-263.833 -63.8326 136.167 336.167
	-257.968 -57.9676 142.032 342.032
	-251.812 -51.8121 148.188 348.188
	-245.371 -45.3706 154.629 354.629
	-238.648 -38.6483 161.352 361.352
	-231.65 -31.6505 168.35 368.35
	-224.383 -24.3828 175.617 375.617
	-216.851 -16.8514 183.149 383.149
	-209.062 -9.06232 190.938 390.938
	-201.022 -1.02226 198.978 398.978
	-192.738 7.2619 207.262 407.262
	-184.217 15.7831 215.783 415.783
	-175.466 24.5338 224.534 424.534
	-166.494 33.5063 233.506 433.506
	-157.308 42.6923 242.692 442.692
	-147.916 52.0843 252.084 452.084
	-138.327 61.6735 261.673 461.673
	-128.549 71.451 271.451 471.451
	-118.592 81.4079 281.408 481.408
	-108.465 91.5351 291.535 491.535
	-98.1769 101.823 301.823 501.823
	-87.7377 112.262 312.262 512.262
	-77.1572 122.843 322.843 522.843
	-66.4453 133.555 333.555 533.555
	-55.6124 144.388 344.388 544.388
	-44.6687 155.331 355.331 555.331
	-33.6248 166.375 366.375 566.375
	-22.4914 177.509 377.509 577.509
	-11.2795 188.721 388.721 588.721
	0.000125889 200 400 600
	11.3363 211.336 411.336 611.336
	22.7177 222.718 422.718 622.718
	34.1332 234.133 434.133 634.133
	45.5713 245.571 445.571 645.571
	57.0205 257.021 457.021 657.021
	68.4693 268.469 468.469 668.469
	79.906 279.906 479.906 679.906
	91.3191 291.319 491.319 691.319
	102.697 302.697 502.697 702.697
	114.027 314.027 514.027 714.027
	125.299 325.299 525.299 725.299
	136.501 336.501 536.501 736.501
	147.62 347.62 547.62 747.62
	158.646 358.646 558.646 758.646
	169.566 369.566 569.566 769.566
	180.369 380.369 580.369 780.369
	191.043 391.043 591.043 791.043
	201.578 401.578 601.578 801.578
	211.962 411.962 611.962 811.962
	222.183 422.183 622.183 822.183
	232.231 432.231 632.231 832.231
	242.094 442.094 642.094 842.094
	251.762 451.762 651.762 851.762
	261.223 461.223 661.223 861.223
	270.469 470.469 670.469 870.469
	279.487 479.487 679.487 879.487
	288.268 488.268 688.268 888.268
	296.802 496.802 696.802 896.802
	305.079 505.079 705.079 905.079
	313.09 513.09 713.09 913.09
	320.825 520.825 720.825 920.825
	328.275 528.275 728.275 928.275
	335.431 535.431 735.431 935.431
	342.286 542.286 742.286 942.286
	348.829 548.829 748.829 948.829
	355.054 555.054 755.054 955.054
	360.953 560.953 760.953 960.953
	366.518 566.518 766.518 966.518
	371.742 571.742 771.742 971.742
	376.618 576.618 776.618 976.618
	381.141 581.141 781.141 981.141
	385.302 585.302 785.302 985.302
	389.098 589.098 789.098 989.098
	392.522 592.522 792.522 992.522
	395.569 595.569 795.569 995.569
	398.235 598.235 798.235 998.235
	400.515 600.515 800.515 1000.51
	402.404 602.404 802.404 1002.4
	403.901 603.901 803.901 1003.9
	405 605 805 1005
	405.7 605.7 805.7 1005.7
	405.997 605.997 805.997 1006
	405.891 605.891 805.891 1005.89
	405.378 605.378 805.378 1005.38
	404.458 604.458 804.458 1004.46
	403.131 603.131 803.131 1003.13
	401.394 601.394 801.394 1001.39
	399.25 599.25 799.25 999.25
	396.697 596.697 796.697 996.697
	393.737 593.737 793.737 993.737
	390.371 590.371 790.371 990.371
	386.601 586.601 786.601 986.601
	382.428 582.428 782.428 982.428
	377.856 577.856 777.856 977.856
	372.886 572.886 772.886 972.886
	367.523 567.523 767.523 967.523
	361.77 561.77 761.77 961.77
	355.631 555.631 755.631 955.631
	349.11 549.11 749.11 949.11
	342.214 542.214 742.214 942.214
	334.947 534.947 734.947 934.947
	327.314 527.314 727.314 927.314
	319.322 519.322 719.322 919.322
	310.978 510.978 710.978 910.978
	302.288 502.288 702.288 902.288
	293.26 493.26 693.26 893.26
	283.901 483.901 683.901 883.901
	274.22 474.22 674.22 874.22
	264.224 464.224 664.224 864.224
	253.923 453.923 653.923 853.923
	243.326 443.326 643.326 843.326
	232.441 432.441 632.442 832.442
	221.28 421.28 621.28 821.28
	209.852 409.852 609.852 809.852
	198.167 398.167 598.167 798.167
	186.236 386.236 586.236 786.236
	174.07 374.07 574.07 774.07
	161.68 361.68 561.68 761.68
	149.078 349.078 549.078 749.078
	136.276 336.276 536.276 736.276
	123.286 323.286 523.286 723.286
	110.12 310.12 510.12 710.12
	96.7899 296.79 496.79 696.79
	83.3095 283.309 483.309 683.309
	69.6913 269.691 469.691 669.691
	55.9485 255.948 455.948 655.948
	42.0944 242.094 442.094 642.094
	28.1424 228.142 428.142 628.142
	14.1063 214.106 414.106 614.106
